## Z	A	Mass
0	1	1.00866491582
1	1	1.00782503224
1	2	2.01410177811
1	3	3.01604928199
2	3	3.01602932265
3	3	3.030775
1	4	4.026431868
2	4	4.00260325413
3	4	4.027185562
1	5	5.035311493
2	5	5.012057224
3	5	5.0125378
4	5	5.03987
1	6	6.044955437
2	6	6.018885891
3	6	6.01512288742
4	6	6.019726409
5	6	6.0508
1	7	7.052749
2	7	7.027990654
3	7	7.01600343666
4	7	7.016928717
5	7	7.029712
2	8	8.03393439
3	8	8.022486246
4	8	8.005305102
5	8	8.024607316
6	8	8.037643042
2	9	9.043946419
3	9	9.026790191
4	9	9.012183066
5	9	9.013329649
6	9	9.031037207
2	10	10.052815308
3	10	10.035483453
4	10	10.013534695
5	10	10.012936862
6	10	10.016853218
7	10	10.041653543
3	11	11.043723581
4	11	11.021661081
5	11	11.009305166
6	11	11.011432597
7	11	11.026090945
3	12	12.052613941
4	12	12.026922083
5	12	12.014352638
6	12	12
7	12	12.018613182
8	12	12.034261747
3	13	13.061171503
4	13	13.036134507
5	13	13.017779981
6	13	13.00335483521
7	13	13.005738609
8	13	13.024815437
4	14	14.04289292
5	14	14.025404012
6	14	14.00324198843
7	14	14.00307400446
8	14	14.008596706
9	14	14.034315199
4	15	15.053490215
5	15	15.031087953
6	15	15.010599256
7	15	15.00010889894
8	15	15.003065618
9	15	15.017785139
10	15	15.04317298
4	16	16.061672036
5	16	16.03984192
6	16	16.014701256
7	16	16.006101925
8	16	15.9949146196
9	16	16.011465723
10	16	16.025750864
5	17	17.046931399
6	17	17.022578672
7	17	17.008448877
8	17	16.99913175664
9	17	17.002095238
10	17	17.017713959
11	17	17.03776
5	18	18.055601682
6	18	18.026751932
7	18	18.014077565
8	18	17.99915961284
9	18	18.000937325
10	18	18.005708693
11	18	18.026879386
5	19	19.064166
6	19	19.034797596
7	19	19.017022419
8	19	19.00357797
9	19	18.99840316288
10	19	19.001880903
11	19	19.013880272
12	19	19.034169182
5	20	20.073484
6	20	20.040261732
7	20	20.023367295
8	20	20.004075358
9	20	19.999981252
10	20	19.99244017619
11	20	20.007354426
12	20	20.018763075
5	21	21.083017
6	21	21.049
7	21	21.027087573
8	21	21.00865495
9	21	20.999948894
10	21	20.993846685
11	21	20.997654702
12	21	21.011705764
13	21	21.028975
6	22	22.05755399
7	22	22.034100918
8	22	22.009965746
9	22	22.002998809
10	22	21.991385109
11	22	21.994437418
12	22	21.999570654
13	22	22.01954
14	22	22.03579
6	23	23.06889
7	23	23.039421
8	23	23.015696686
9	23	23.003526874
10	23	22.9944669
11	23	22.98976928199
12	23	22.994123941
13	23	23.007244351
14	23	23.02544
7	24	24.05039
8	24	24.019861
9	24	24.00809937
10	24	23.993610645
11	24	23.990963011
12	24	23.985041697
13	24	23.999947541
14	24	24.011535441
15	24	24.03577
7	25	25.0601
8	25	25.029338919
9	25	25.012167727
10	25	24.997814799
11	25	24.989953973
12	25	24.985836964
13	25	24.990428306
14	25	25.004108801
15	25	25.02119
8	26	26.037210155
9	26	26.020020392
10	26	26.000516496
11	26	25.992634649
12	26	25.982592971
13	26	25.986891863
14	26	25.992333804
15	26	26.01178
16	26	26.02907
8	27	27.047955
9	27	27.027322
10	27	27.007569462
11	27	26.994076408
12	27	26.984340628
13	27	26.981538408
14	27	26.986704688
15	27	26.999224409
16	27	27.01828
8	28	28.05591
9	28	28.036223095
10	28	28.012130767
11	28	27.998939
12	28	27.983876606
13	28	27.981910087
14	28	27.97692653499
15	28	27.992326585
16	28	28.004372766
17	28	28.02954
9	29	29.043103
10	29	29.019753
11	29	29.002877092
12	29	28.988617393
13	29	28.980453164
14	29	28.97649466525
15	29	28.981800368
16	29	28.996611448
17	29	29.014130178
9	30	30.05165
10	30	30.024992235
11	30	30.009097932
12	30	29.990462826
13	30	29.982968388
14	30	29.973770136
15	30	29.978313489
16	30	29.984906769
17	30	30.00477
18	30	30.022470511
9	31	31.060272
10	31	31.033474816
11	31	31.013146656
12	31	30.996648232
13	31	30.983949756
14	31	30.975363194
15	31	30.97376199863
16	31	30.979557007
17	31	30.992448098
18	31	31.012158
10	32	32.03972
11	32	32.020011026
12	32	31.999110139
13	32	31.988084339
14	32	31.974151539
15	32	31.973907643
16	32	31.97207117443
17	32	31.985684637
18	32	31.997637826
19	32	32.02265
10	33	33.04938
11	33	33.025529
12	33	33.005327245
13	33	32.990877687
14	33	32.977976964
15	33	32.971725694
16	33	32.97145890985
17	33	32.977451989
18	33	32.989925547
19	33	33.00756
10	34	34.056728
11	34	34.03401
12	34	34.008935481
13	34	33.996779057
14	34	33.978575437
15	34	33.973645887
16	34	33.967867012
17	34	33.973762491
18	34	33.980270093
19	34	33.99869
20	34	34.01487
11	35	35.041043
12	35	35.01679
13	35	34.999759817
14	35	34.984550134
15	35	34.973314053
16	35	34.969032322
17	35	34.968852694
18	35	34.975257721
19	35	34.988005407
20	35	35.00514
11	36	36.049708
12	36	36.021879
13	36	36.006388
14	36	35.986649271
15	36	35.978259619
16	36	35.967080699
17	36	35.968306822
18	36	35.967545105
19	36	35.98130201
20	36	35.993074406
21	36	36.01648
11	37	37.057471
12	37	37.030286265
13	37	37.010531
14	37	36.992945191
15	37	36.979606956
16	37	36.971125507
17	37	36.965902584
18	37	36.966776314
19	37	36.973375889
20	37	36.985897852
21	37	37.003779
12	38	38.03658
13	38	38.017402
14	38	37.995523
15	38	37.984303105
16	38	37.97116331
17	38	37.968010418
18	38	37.962732104
19	38	37.969081116
20	38	37.976319226
21	38	37.995438
22	38	38.011669
12	39	39.045384
13	39	39.022169
14	39	39.002491
15	39	38.986285865
16	39	38.975133852
17	39	38.968008162
18	39	38.964313039
19	39	38.96370648661
20	39	38.970710813
21	39	38.98478497
22	39	39.002362
12	40	40.051906
13	40	40.029619
14	40	40.005829
15	40	39.991288865
16	40	39.975482562
17	40	39.970415469
18	40	39.96238312378
19	40	39.963998166
20	40	39.962590865
21	40	39.977967292
22	40	39.990498721
23	40	40.013065
13	41	41.035878
14	41	41.013011
15	41	40.994654
16	41	40.979593451
17	41	40.970684525
18	41	40.964500571
19	41	40.96182525796
20	41	40.962277921
21	41	40.969251104
22	41	40.983148
23	41	41.000344
13	42	42.043049
14	42	42.017681
15	42	42.001084
16	42	41.9810651
17	42	41.973342
18	42	41.963045736
19	42	41.962402306
20	42	41.958617828
21	42	41.965516522
22	42	41.973049022
23	42	41.99182
24	42	42.007225
13	43	43.050478
14	43	43.0248
15	43	43.005024
16	43	42.986907635
17	43	42.9740637
18	43	42.965636055
19	43	42.960734703
20	43	42.95876643
21	43	42.961150472
22	43	42.968522521
23	43	42.980766
24	43	42.997885
14	44	44.03061
15	44	44.011219
16	44	43.990118848
17	44	43.978116312
18	44	43.964923816
19	44	43.961586986
20	44	43.955481543
21	44	43.959402867
22	44	43.959689951
23	44	43.97411
24	44	43.985657
25	44	44.007547
14	45	45.040247
15	45	45.016747
16	45	44.995717
17	45	44.980394353
18	45	44.968039733
19	45	44.960691493
20	45	44.956186326
21	45	44.955907503
22	45	44.958121211
23	45	44.965768951
24	45	44.97905
25	45	44.994364
26	45	45.014774
15	46	46.024659
16	46	46.000365
17	46	45.985121323
18	46	45.968037446
19	46	45.961981586
20	46	45.953687988
21	46	45.955167485
22	46	45.952626856
23	46	45.960197971
24	46	45.96836097
25	46	45.986506
26	46	46.000977
15	47	47.031895
16	47	47.007912
17	47	46.989501
18	47	46.972768114
19	47	46.961661614
20	47	46.954541394
21	47	46.952402704
22	47	46.951757752
23	47	46.954904038
24	47	46.962895544
25	47	46.975774
26	47	46.992625
27	47	47.011133
16	48	48.0137
17	48	47.995405
18	48	47.97608
19	48	47.965341186
20	48	47.952522904
21	48	47.952223157
22	48	47.947940932
23	48	47.952251229
24	48	47.954028667
25	48	47.968549085
26	48	47.980676
27	48	48.00161
28	48	48.018028
16	49	49.022644
17	49	49.001009
18	49	48.981546
19	49	48.968210755
20	49	48.955662875
21	49	48.950014423
22	49	48.947864627
23	49	48.948510746
24	49	48.951332955
25	49	48.959612585
26	49	48.973429
27	49	48.989393
28	49	49.008803
17	50	50.008309
18	50	49.98569
19	50	49.972380017
20	50	49.957499217
21	50	49.952176415
22	50	49.944785839
23	50	49.947155845
24	50	49.946041443
25	50	49.954237391
26	50	49.962988
27	50	49.981073
28	50	49.995577
17	51	51.015341
18	51	50.992818
19	51	50.975827867
20	51	50.960995665
21	51	50.953592095
22	51	50.9466096
23	51	50.943956867
24	51	50.944764652
25	51	50.948208065
26	51	50.956840779
27	51	50.970647
28	51	50.987225
18	52	51.998626
19	52	51.981602
20	52	51.963213648
21	52	51.956582351
22	52	51.94689196
23	52	51.944772839
24	52	51.940504992
25	52	51.945563488
26	52	51.948115217
27	52	51.963112
28	52	51.976028
29	52	51.997552
18	53	53.00729
19	53	52.9868
20	53	52.968451
21	53	52.958231821
22	53	52.949724785
23	53	52.944335593
24	53	52.940646961
25	53	52.941287742
26	53	52.945305574
27	53	52.954203217
28	53	52.96819
29	53	52.985754
19	54	53.99463
20	54	53.972989
21	54	53.96361662
22	54	53.951022786
23	54	53.946437472
24	54	53.938878012
25	54	53.940356429
26	54	53.939608306
27	54	53.948459192
28	54	53.957833
29	54	53.977015
30	54	53.993267
19	55	55.00076
20	55	54.9803
21	55	54.967622601
22	55	54.955267465
23	55	54.947241114
24	55	54.940837289
25	55	54.938043172
26	55	54.938291283
27	55	54.941996531
28	55	54.951329961
29	55	54.966038
30	55	54.984358
19	56	56.00851
20	56	55.98508
21	56	55.97332
22	56	55.95778819
23	56	55.950450694
24	56	55.940649107
25	56	55.938902947
26	56	55.934935617
27	56	55.93983815
28	56	55.942127872
29	56	55.958515
30	56	55.972743
31	56	55.996361
20	57	56.99262
21	57	56.97746
22	57	56.963590068
23	57	56.952320197
24	57	56.943612409
25	57	56.938285968
26	57	56.935392134
27	57	56.936289913
28	57	56.939791525
29	57	56.949211819
30	57	56.965056
31	57	56.983886
20	58	57.99794
21	58	57.98403
22	58	57.966602
23	58	57.956626932
24	58	57.944184502
25	58	57.940066646
26	58	57.933273738
27	58	57.935751429
28	58	57.93534178
29	58	57.944532413
30	58	57.954590428
31	58	57.974729
32	58	57.992399
21	59	58.98894
22	59	58.972614
23	59	58.959385659
24	59	58.94837781
25	59	58.940391113
26	59	58.934873649
27	59	58.933193656
28	59	58.934345571
29	59	58.939496844
30	59	58.949312017
31	59	58.963757
32	59	58.982963
21	60	59.99565
22	60	59.976028
23	60	59.96431329
24	60	59.949898146
25	60	59.943136576
26	60	59.934070411
27	60	59.933815667
28	60	59.930785256
29	60	59.937363916
30	60	59.94184145
31	60	59.957498
32	60	59.970918
33	60	59.994128
21	61	61.001
22	61	60.982448
23	61	60.96725
24	61	60.954400963
25	61	60.944452544
26	61	60.936746244
27	61	60.932476145
28	61	60.931054945
29	61	60.933457371
30	61	60.93950696
31	61	60.949398859
32	61	60.964187
33	61	60.981857
22	62	61.986581
23	62	61.97265
24	62	61.956097451
25	62	61.947907386
26	62	61.936791812
27	62	61.934058317
28	62	61.928344871
29	62	61.932594921
30	62	61.934333477
31	62	61.944189757
32	62	61.95519
33	62	61.973891
22	63	62.993827
23	63	62.9765
24	63	62.961344384
25	63	62.949664675
26	63	62.9402727
27	63	62.933599744
28	63	62.929669139
29	63	62.929597236
30	63	62.933211167
31	63	62.939294195
32	63	62.949628
33	63	62.964036
22	64	63.9989
23	64	63.98248
24	64	63.964058
25	64	63.95384937
26	64	63.940987763
27	64	63.935810291
28	64	63.927966341
29	64	63.929763857
30	64	63.929141772
31	64	63.936840365
32	64	63.941689913
33	64	63.95756
34	64	63.971336
23	65	64.987354
24	65	64.969705
25	65	64.95601975
26	65	64.945015324
27	65	64.936462073
28	65	64.930084697
29	65	64.927789487
30	65	64.929240532
31	65	64.932734395
32	65	64.939368137
33	65	64.949611
34	65	64.964552
23	66	65.993977
24	66	65.973462
25	66	65.960546834
26	66	65.94624996
27	66	65.939442945
28	66	65.929139334
29	66	65.928868814
30	66	65.926033704
31	66	65.931589832
32	66	65.933862126
33	66	65.944148779
34	66	65.955276
23	67	66.999302
24	67	66.979946
25	67	66.964079
26	67	66.951035482
27	67	66.940609628
28	67	66.931569414
29	67	66.927729526
30	67	66.927127482
31	67	66.928202384
32	67	66.93273362
33	67	66.939251111
34	67	66.949994
35	67	66.964798
24	68	67.984112
25	68	67.969533
26	68	67.953314875
27	68	67.944250135
28	68	67.931868789
29	68	67.929610889
30	68	67.924844291
31	68	67.927980221
32	68	67.928095308
33	68	67.93677413
34	68	67.941825239
35	68	67.958356
24	69	68.990789
25	69	68.973408
26	69	68.9581
27	69	68.946023102
28	69	68.935610268
29	69	68.929429268
30	69	68.926550418
31	69	68.925573531
32	69	68.927964471
33	69	68.932246294
34	69	68.939414847
35	69	68.950338413
36	69	68.96518
24	70	69.995191
25	70	69.979066
26	70	69.960805
27	70	69.949941
28	70	69.936431303
29	70	69.932392079
30	70	69.925319181
31	70	69.926021917
32	70	69.924248706
33	70	69.930926151
34	70	69.933515523
35	70	69.944792323
36	70	69.955877
25	71	70.983285
26	71	70.966259
27	71	70.952366923
28	71	70.940518964
29	71	70.932676832
30	71	70.92771958
31	71	70.924702536
32	71	70.924952284
33	71	70.927113758
34	71	70.932209432
35	71	70.939342156
36	71	70.950265696
37	71	70.965582
25	72	71.989372
26	72	71.969479
27	72	71.956844
28	72	71.941785926
29	72	71.935820307
30	72	71.926842807
31	72	71.926367434
32	72	71.922075826
33	72	71.926752295
34	72	71.927140507
35	72	71.936594607
36	72	71.942092407
37	72	71.958851
26	73	72.975416
27	73	72.95983
28	73	72.946206683
29	73	72.936674378
30	73	72.929582582
31	73	72.925174682
32	73	72.923458956
33	73	72.923829089
34	73	72.926754883
35	73	72.931671621
36	73	72.939289195
37	73	72.950529
38	73	72.9657
26	74	73.978969
27	74	73.964766
28	74	73.94798
29	74	73.939874862
30	74	73.929407262
31	74	73.926945726
32	74	73.921177762
33	74	73.923928598
34	74	73.922475935
35	74	73.929910281
36	74	73.933084017
37	74	73.944265868
38	74	73.95617
26	75	74.985357
27	75	74.96817
28	75	74.952732
29	75	74.941522606
30	75	74.932840246
31	75	74.926500246
32	75	74.922858371
33	75	74.921594562
34	75	74.922522871
35	75	74.92581057
36	75	74.930945746
37	75	74.938573201
38	75	74.94995277
39	75	74.96584
27	76	75.973687
28	76	75.955308
29	76	75.945275025
30	76	75.933114957
31	76	75.928827625
32	76	75.921402726
33	76	75.92239201
34	76	75.919213704
35	76	75.924541577
36	76	75.925910726
37	76	75.935073032
38	76	75.941762761
39	76	75.95869
27	77	76.97744
28	77	76.960494
29	77	76.9478
30	77	76.936887199
31	77	76.9291543
32	77	76.923549844
33	77	76.920647564
34	77	76.91991415
35	77	76.921379194
36	77	76.92467
37	77	76.9304016
38	77	76.937945455
39	77	76.950146
40	77	76.965604
28	78	77.963618
29	78	77.95223
30	78	77.938289205
31	78	77.931608845
32	78	77.922852912
33	78	77.921827795
34	78	77.917309243
35	78	77.921145859
36	78	77.920366341
37	78	77.928141868
38	78	77.93217998
39	78	77.94399
40	78	77.956146
28	79	78.970402
29	79	78.95519
30	79	78.942638068
31	79	78.932852301
32	79	78.925360129
33	79	78.920948445
34	79	78.918499251
35	79	78.918337601
36	79	78.920082945
37	79	78.923989864
38	79	78.929707664
39	79	78.93793
40	79	78.94979
41	79	78.966022
28	80	79.975706
29	80	79.961138
30	80	79.94455293
31	80	79.936420774
32	80	79.925350774
33	80	79.922474548
34	80	79.916521785
35	80	79.91852981
36	80	79.916378048
37	80	79.922516444
38	80	79.92451754
39	80	79.934354755
40	80	79.941642
41	80	79.958754
29	81	80.966269
30	81	80.950402619
31	81	80.938133842
32	81	80.928832942
33	81	80.92213229
34	81	80.917993044
35	81	80.916288206
36	81	80.916589714
37	81	80.918993927
38	81	80.923211394
39	81	80.929454283
40	81	80.938314
41	81	80.95023
42	81	80.965915
29	82	81.972818
30	82	81.954574099
31	82	81.943176533
32	82	81.929774033
33	82	81.924738733
34	82	81.916699537
35	82	81.91680176
36	82	81.9134811552
37	82	81.918209024
38	82	81.918399847
39	82	81.926930188
40	82	81.931689
41	82	81.944079
42	82	81.956661
30	83	82.961041
31	83	82.947120301
32	83	82.934539101
33	83	82.925206901
34	83	82.919118609
35	83	82.915175289
36	83	82.914126518
37	83	82.915114182
38	83	82.917554374
39	83	82.922484025
40	83	82.929240925
41	83	82.938211
42	83	82.950252
43	83	82.966377
30	84	83.965722
31	84	83.95267
32	84	83.937575091
33	84	83.929303291
34	84	83.918466762
35	84	83.916496419
36	84	83.91149772863
37	84	83.914375225
38	84	83.91341912
39	84	83.920671061
40	84	83.923325662
41	84	83.934279
42	84	83.941846
43	84	83.959527
30	85	84.972914
31	85	84.95722
32	85	84.942969659
33	85	84.932163659
34	85	84.922260759
35	85	84.915645759
36	85	84.912527262
37	85	84.9117897376
38	85	84.912932043
39	85	84.916433039
40	85	84.921443198
41	85	84.928845837
42	85	84.938260737
43	85	84.950778
44	85	84.966774
31	86	85.963414
32	86	85.946967
33	86	85.936701533
34	86	85.924311733
35	86	85.918805433
36	86	85.91061062627
37	86	85.911167443
38	86	85.90926072631
39	86	85.914886098
40	86	85.916296815
41	86	85.925781535
42	86	85.931174817
43	86	85.944637
44	86	85.957305
31	87	86.968599
32	87	86.95268
33	87	86.940291718
34	87	86.928688618
35	87	86.920674018
36	87	86.913354759
37	87	86.909180531
38	87	86.90887749615
39	87	86.910876102
40	87	86.914817339
41	87	86.920692472
42	87	86.928196201
43	87	86.938067187
44	87	86.951132
32	88	87.95691
33	88	87.94555
34	88	87.931417491
35	88	87.924083291
36	88	87.914447881
37	88	87.911315591
38	88	87.90561225561
39	88	87.909501276
40	88	87.910220709
41	88	87.918224287
42	88	87.921967781
43	88	87.933782381
44	88	87.941664
45	88	87.960429
32	89	88.96379
33	89	88.94976
34	89	88.936669059
35	89	88.926704559
36	89	88.91783545
37	89	88.912278137
38	89	88.907450808
39	89	88.905841205
40	89	88.908882332
41	89	88.913445272
42	89	88.91946815
43	89	88.92764865
44	89	88.937455
45	89	88.950767
32	90	89.96863
33	90	89.95563
34	90	89.940096
35	90	89.93129285
36	90	89.91952793
37	90	89.914798803
38	90	89.907730885
39	90	89.9071448
40	90	89.904698758
41	90	89.911259204
42	90	89.913931272
43	90	89.924073921
44	90	89.930344379
45	90	89.944498
46	90	89.95737
33	91	90.96039
34	91	90.9457
35	91	90.934398618
36	91	90.92380631
37	91	90.916537265
38	91	90.910195958
39	91	90.907298066
40	91	90.905640223
41	91	90.906990274
42	91	90.911745195
43	91	90.918424975
44	91	90.926741532
45	91	90.937123
46	91	90.950692
33	92	91.96674
34	92	91.94984
35	92	91.939631597
36	92	91.926173094
37	92	91.919728481
38	92	91.911038224
39	92	91.908945745
40	92	91.905035322
41	92	91.907188568
42	92	91.906807155
43	92	91.915269779
44	92	91.920234375
45	92	91.932367694
46	92	91.941406
47	92	91.960139
34	93	92.95629
35	93	92.94322
36	93	92.931147174
37	93	92.922039325
38	93	92.914024311
39	93	92.909578422
40	93	92.906470646
41	93	92.906373161
42	93	92.906808773
43	93	92.910245149
44	93	92.917104444
45	93	92.925912781
46	93	92.93666
47	93	92.95033
34	94	93.96049
35	94	93.949114
36	94	93.934140454
37	94	93.926394818
38	94	93.915355643
39	94	93.911592063
40	94	93.906312524
41	94	93.907278992
42	94	93.905083592
43	94	93.909652325
44	94	93.911342863
45	94	93.921730453
46	94	93.929036292
47	94	93.943736
48	94	93.956908
34	95	94.9673
35	95	94.95301
36	95	94.939710923
37	95	94.929262568
38	95	94.91935584
39	95	94.912818711
40	95	94.908040267
41	95	94.906831115
42	95	94.905837442
43	95	94.907652287
44	95	94.91040442
45	95	94.915897895
46	95	94.924888512
47	95	94.93602
48	95	94.94994
35	96	95.95903
36	96	95.943016618
37	96	95.934133393
38	96	95.921712692
39	96	95.915902953
40	96	95.908277621
41	96	95.908101591
42	96	95.904674774
43	96	95.907866681
44	96	95.907588914
45	96	95.91445171
46	96	95.918213744
47	96	95.930743906
48	96	95.94034
49	96	95.959323
35	97	96.96344
36	97	96.949088784
37	97	96.937177118
38	97	96.926374776
39	97	96.918280286
40	97	96.910957386
41	97	96.908098414
42	97	96.906016903
43	97	96.906360723
44	97	96.907545779
45	97	96.911327876
46	97	96.916471987
47	97	96.923965326
48	97	96.9351
49	97	96.94934
35	98	97.969672
36	98	97.95243
37	98	97.941632317
38	98	97.92869186
39	98	97.92238836
40	98	97.912735124
41	98	97.91033265
42	98	97.905403608
43	98	97.907211205
44	98	97.905286713
45	98	97.91070774
46	98	97.912698337
47	98	97.921559972
48	98	97.927389317
49	98	97.94214
36	99	98.95839
37	99	98.945119192
38	99	98.932880511
39	99	98.924154288
40	99	98.916670835
41	99	98.911609371
42	99	98.907707298
43	99	98.906249678
44	99	98.905930278
45	99	98.90812469
46	99	98.91177329
47	99	98.917645768
48	99	98.924925847
49	99	98.93411
50	99	98.94853
36	100	99.96237
37	100	99.950351731
38	100	99.935779615
39	100	99.927721063
40	100	99.918005444
41	100	99.914333963
42	100	99.907467976
43	100	99.907652711
44	100	99.904210452
45	100	99.908114141
46	100	99.908520315
47	100	99.916115445
48	100	99.92034882
49	100	99.93095718
50	100	99.938504196
36	101	100.96873
37	101	100.954004
38	101	100.940606266
39	101	100.930154138
40	101	100.92145311
41	101	100.915306496
42	101	100.910337641
43	101	100.90730526
44	101	100.905573075
45	101	100.906158905
46	101	100.908284828
47	101	100.912683953
48	101	100.918586211
49	101	100.92634
50	101	100.935259244
37	102	101.95952
38	102	101.94400468
39	102	101.934327889
40	102	101.923147431
41	102	101.918083697
42	102	101.910288138
43	102	101.909207275
44	102	101.9043403
45	102	101.90683427
46	102	101.905632058
47	102	101.91170454
48	102	101.914481799
49	102	101.924105916
50	102	101.93028953
37	103	102.96392
38	103	102.94909
39	103	102.937243208
40	103	102.92719724
41	103	102.919453403
42	103	102.91308514
43	103	102.909174008
44	103	102.906314833
45	103	102.905494068
46	103	102.90611084
47	103	102.90896056
48	103	102.913416923
49	103	102.919878613
50	103	102.928101962
51	103	102.93969
38	104	103.95265
39	104	103.94196
40	104	103.929442315
41	104	103.922899115
42	104	103.913740756
43	104	103.911428905
44	104	103.90542536
45	104	103.906645295
46	104	103.904030401
47	104	103.908623725
48	104	103.90985623
49	104	103.91821454
50	104	103.923105197
51	104	103.936474502
38	105	104.95855
39	105	104.944959
40	105	104.93401489
41	105	104.924942564
42	105	104.916975159
43	105	104.911657952
44	105	104.907745525
45	105	104.905687806
46	105	104.905079487
47	105	104.906525607
48	105	104.909463895
49	105	104.914502324
50	105	104.921268423
51	105	104.931276549
52	105	104.943304508
38	106	105.962651
39	106	105.95056
40	106	105.937144
41	106	105.928927768
42	106	105.918266218
43	106	105.914356697
44	106	105.907328203
45	106	105.907285901
46	106	105.903480293
47	106	105.906663507
48	106	105.906459797
49	106	105.913463603
50	106	105.916957396
51	106	105.928637982
52	106	105.937498526
38	107	106.968975
39	107	106.95452
40	107	106.941621
41	107	106.931589672
42	107	106.922112692
43	107	106.915458485
44	107	106.909969885
45	107	106.906747974
46	107	106.905128064
47	107	106.905091531
48	107	106.906612108
49	107	106.910290071
50	107	106.915713651
51	107	106.924150624
52	107	106.935008356
53	107	106.946935
39	108	107.95996
40	108	107.94487
41	108	107.936074988
42	108	107.924040367
43	108	107.918493541
44	108	107.910185841
45	108	107.908714688
46	108	107.903891805
47	108	107.905950266
48	108	107.904183587
49	108	107.909693655
50	108	107.911894292
51	108	107.922226734
52	108	107.929380471
53	108	107.943478321
39	109	108.964358
40	109	108.95041
41	109	108.939141
42	109	108.928431106
43	109	108.920254156
44	109	108.913323756
45	109	108.908749326
46	109	108.905950574
47	109	108.904755773
48	109	108.904986698
49	109	108.907149685
50	109	108.911292843
51	109	108.918141204
52	109	108.927304534
53	109	108.938086025
54	109	108.950434948
40	110	109.95396
41	110	109.943843
42	110	109.93071068
43	110	109.923741312
44	110	109.914038548
45	110	109.911079742
46	110	109.905172868
47	110	109.906110719
48	110	109.90300746
49	110	109.907170665
50	110	109.907844835
51	110	109.916854286
52	110	109.922458104
53	110	109.935089033
54	110	109.944258765
40	111	110.959678
41	111	110.94753
42	111	110.935652016
43	111	110.925899016
44	111	110.917567616
45	111	110.911642531
46	111	110.907690347
47	111	110.905296816
48	111	110.904183766
49	111	110.905107233
50	111	110.907741126
51	111	110.913218189
52	111	110.921000589
53	111	110.930269239
54	111	110.941603989
55	111	110.95403
40	112	111.963703
41	112	111.95247
42	112	111.93831
43	112	111.929941644
44	112	111.918806972
45	112	111.914404705
46	112	111.907329986
47	112	111.90704855
48	112	111.902763883
49	112	111.905538704
50	112	111.904824877
51	112	111.912399903
52	112	111.91672785
53	112	111.92800455
54	112	111.935559071
55	112	111.950305341
41	113	112.95651
42	113	112.94365
43	113	112.932569033
44	113	112.922846396
45	113	112.915439567
46	113	112.910261267
47	113	112.906572858
48	113	112.904408097
49	113	112.904060448
50	113	112.905175845
51	113	112.909374652
52	113	112.915891
53	113	112.923650064
54	113	112.933221666
55	113	112.944428488
56	113	112.95729
41	114	113.96201
42	114	113.94653
43	114	113.93709
44	114	113.92461378
45	114	113.918721296
46	114	113.91036878
47	114	113.908823031
48	114	113.90336499
49	114	113.904916402
50	114	113.902780132
51	114	113.909289191
52	114	113.912089
53	114	113.92185
54	114	113.927980331
55	114	113.941296175
56	114	113.950718495
41	115	114.96634
42	115	114.95196
43	115	114.939538
44	115	114.928942393
45	115	114.920310993
46	115	114.913658718
47	115	114.908767363
48	115	114.905437417
49	115	114.903878773
50	115	114.903344697
51	115	114.906598
52	115	114.911902
53	115	114.918048
54	115	114.926293945
55	115	114.93591
56	115	114.947375
42	116	115.955448
43	116	115.94476
44	116	115.931219193
45	116	115.924061645
46	116	115.91429721
47	116	115.911386812
48	116	115.90476323
49	116	115.905259992
50	116	115.901742824
51	116	115.906792583
52	116	115.90846
53	116	115.916808658
54	116	115.921581112
55	116	115.933395
56	116	115.941406
57	116	115.956365
42	117	116.96117
43	117	116.94806
44	117	116.936135
45	117	116.926035623
46	117	116.917954944
47	117	116.911773974
48	117	116.907226038
49	117	116.904515712
50	117	116.902954017
51	117	116.904841535
52	117	116.908646313
53	117	116.913648314
54	117	116.92035876
55	117	116.928616726
56	117	116.938316561
57	117	116.950111
42	118	117.96497
43	118	117.95299
44	118	117.938529
45	118	117.930340443
46	118	117.919066847
47	118	117.914595487
48	118	117.906921955
49	118	117.906356659
50	118	117.901606609
51	118	117.905532174
52	118	117.905853839
53	118	117.913074
54	118	117.91617868
55	118	117.926559519
56	118	117.93306
57	118	117.946795
43	119	118.95666
44	119	118.94357
45	119	118.932556952
46	119	118.923340459
47	119	118.915570293
48	119	118.909846903
49	119	118.905850944
50	119	118.903311216
51	119	118.903945512
52	119	118.906407148
53	119	118.910074
54	119	118.915410713
55	119	118.92237733
56	119	118.930659686
57	119	118.941181
58	119	118.952828
43	120	119.96187
44	120	119.94631
45	120	119.93686
46	120	119.924551258
47	120	119.918784767
48	120	119.909868067
49	120	119.907966805
50	120	119.902201873
51	120	119.905079624
52	120	119.904059514
53	120	119.910087465
54	120	119.91178427
55	120	119.920677279
56	120	119.926045
57	120	119.938196
58	120	119.946752
43	121	120.965883
44	121	120.95164
45	121	120.939613
46	121	120.928950343
47	121	120.920125282
48	121	120.912963663
49	121	120.907851286
50	121	120.904242792
51	121	120.903810093
52	121	120.904942488
53	121	120.907405255
54	121	120.911453014
55	121	120.917227238
56	121	120.924052289
57	121	120.933236
58	121	120.943435
59	121	120.955532
44	122	121.95475
45	122	121.94409
46	122	121.930631694
47	122	121.923664448
48	122	121.913459052
49	122	121.910280966
50	122	121.903444001
51	122	121.905168074
52	122	121.903043434
53	122	121.90758882
54	122	121.908367658
55	122	121.916108145
56	122	121.919904
57	122	121.93071
58	122	121.93787
59	122	121.951927
44	123	122.960193
45	123	122.94701
46	123	122.935126
47	123	122.925337062
48	123	122.916892453
49	123	122.910433826
50	123	122.905725446
51	123	122.904214016
52	123	122.904269747
53	123	122.90558852
54	123	122.90848175
55	123	122.912996062
56	123	122.918781062
57	123	122.9263
58	123	122.93528
59	123	122.946076
44	124	123.963542
45	124	123.951809
46	124	123.937316
47	124	123.928931229
48	124	123.917657363
49	124	123.913182263
50	124	123.905276692
51	124	123.905935789
52	124	123.902817064
53	124	123.906209021
54	124	123.905891588
55	124	123.912257798
56	124	123.915093629
57	124	123.924574275
58	124	123.93031
59	124	123.94294
60	124	123.9522
45	125	124.954911
46	125	124.9419
47	125	124.930735
48	125	124.921257577
49	125	124.913604591
50	125	124.907786442
51	125	124.905252987
52	125	124.9044299
53	125	124.904629333
54	125	124.90639405
55	125	124.909727867
56	125	124.914471843
57	125	124.920815932
58	125	124.92844
59	125	124.937799
60	125	124.9489
45	126	125.959957
46	126	125.944326
47	126	125.934857
48	126	125.922429127
49	126	125.916507344
50	126	125.907658836
51	126	125.907253036
52	126	125.903310866
53	126	125.905623313
54	126	125.904296794
55	126	125.909445655
56	126	125.911250204
57	126	125.919512667
58	126	125.923971
59	126	125.93524
60	126	125.94311
61	126	125.957756
45	127	126.963467
46	127	126.94935
47	127	126.937262
48	127	126.926196624
49	127	126.917448546
50	127	126.910390401
51	127	126.906924277
52	127	126.905225714
53	127	126.904471838
54	127	126.905182899
55	127	126.907417381
56	127	126.911091275
57	127	126.916375084
58	127	126.922727
59	127	126.93071
60	127	126.94038
61	127	126.95192
46	128	127.952238
47	128	127.941363
48	128	127.927812857
49	128	127.920401053
50	128	127.910507197
51	128	127.909145645
52	128	127.904461311
53	128	127.9058086
54	128	127.903530996
55	128	127.907748648
56	128	127.908342408
57	128	127.915592123
58	128	127.918911
59	128	127.928791
60	128	127.93525
61	128	127.9487
62	128	127.958486
46	129	128.959624
47	129	128.944197
48	129	128.932304399
49	129	128.921805486
50	129	128.913482102
51	129	128.909146696
52	129	128.906596492
53	129	128.904983687
54	129	128.90478085892
55	129	128.90606569
56	129	128.908680896
57	129	128.912694475
58	129	128.918102
59	129	128.925095
60	129	128.933102
61	129	128.94323
62	129	128.954911
47	130	129.950942
48	130	129.934387566
49	130	129.924977288
50	130	129.913974533
51	130	129.911662688
52	130	129.906222747
53	130	129.906670211
54	130	129.903509349
55	130	129.906709283
56	130	129.906320874
57	130	129.912369413
58	130	129.914736
59	130	129.92359
60	130	129.928506
61	130	129.94053
62	130	129.949
63	130	129.96384
47	131	130.95665
48	131	130.94072
49	131	130.926972122
50	131	130.917053066
51	131	130.911989341
52	131	130.908522211
53	131	130.906126384
54	131	130.905084136
55	131	130.905464999
56	131	130.906941181
57	131	130.91007
58	131	130.914429465
59	131	130.92023496
60	131	130.92724802
61	131	130.935952
62	131	130.94618
63	131	130.957842
47	132	131.963725
48	132	131.94604
49	132	131.932998449
50	132	131.917823902
51	132	131.914508015
52	132	131.908546716
53	132	131.907993514
54	132	131.90415508697
55	132	131.906437743
56	132	131.905061098
57	132	131.910118959
58	132	131.911463846
59	132	131.91924
60	132	131.923321237
61	132	131.93384
62	132	131.94087
63	132	131.954696
48	133	132.95285
49	133	132.93831
50	133	132.923913756
51	133	132.91527213
52	133	132.910963332
53	133	132.907827361
54	133	132.90591075
55	133	132.905451961
56	133	132.906007325
57	133	132.908218
58	133	132.911520402
59	133	132.916330561
60	133	132.922348
61	133	132.929782
62	133	132.93856
63	133	132.94929
64	133	132.961503
48	134	133.958218
49	134	133.94454
50	134	133.928680433
51	134	133.920535675
52	134	133.911396379
53	134	133.909775663
54	134	133.905393033
55	134	133.906718503
56	134	133.904508399
57	134	133.908514011
58	134	133.908928142
59	134	133.915696729
60	134	133.91879021
61	134	133.928353
62	134	133.93411
63	134	133.9464
64	134	133.95566
49	135	134.95005
50	135	134.934908605
51	135	134.925184357
52	135	134.916554718
53	135	134.910059382
54	135	134.907231661
55	135	134.905977234
56	135	134.905688606
57	135	134.906984568
58	135	134.909160799
59	135	134.913111774
60	135	134.91818132
61	135	134.924796
62	135	134.93252
63	135	134.94187
64	135	134.952345
65	135	134.96476
49	136	135.956511
50	136	135.93999
51	136	135.930749011
52	136	135.920101182
53	136	135.914604695
54	136	135.907214476
55	136	135.90731159
56	136	135.904575959
57	136	135.907634962
58	136	135.907129438
59	136	135.912677532
60	136	135.914976064
61	136	135.923595949
62	136	135.928275555
63	136	135.93962
64	136	135.9473
65	136	135.961213
49	137	136.962383
50	137	136.94655
51	137	136.935522522
52	137	136.925599357
53	137	136.91802818
54	137	136.911557773
55	137	136.907089464
56	137	136.905827375
57	137	136.906450618
58	137	136.907762596
59	137	136.910679304
60	137	136.914562448
61	137	136.920479522
62	137	136.926970517
63	137	136.935430722
64	137	136.94502
65	137	136.95602
50	138	137.95184
51	138	137.941792
52	138	137.929472454
53	138	137.922726394
54	138	137.914146271
55	138	137.911017207
56	138	137.905247229
57	138	137.907117834
58	138	137.905988743
59	138	137.910752059
60	138	137.911949717
61	138	137.919548077
62	138	137.92324399
63	138	137.933709
64	138	137.940096
65	138	137.95312
66	138	137.9625
50	139	138.958733
51	139	138.94655
52	139	138.935367193
53	139	138.926493403
54	139	138.918792203
55	139	138.913363992
56	139	138.908841334
57	139	138.906358804
58	139	138.906657625
59	139	138.90894327
60	139	138.911954407
61	139	138.916799806
62	139	138.922296634
63	139	138.92979231
64	139	138.93813
65	139	138.94833
66	139	138.95959
51	140	139.95283
52	140	139.939262917
53	140	139.931715917
54	140	139.921645817
55	140	139.917283305
56	140	139.910606666
57	140	139.909483184
58	140	139.905446424
59	140	139.909083592
60	140	139.909544332
61	140	139.916034122
62	140	139.918994717
63	140	139.928087637
64	140	139.933674
65	140	139.945805049
66	140	139.95402
67	140	139.968589
51	141	140.958014
52	141	140.9458
53	141	140.935666084
54	141	140.926787184
55	141	140.920045086
56	141	140.9144035
57	141	140.910969222
58	141	140.908283987
59	141	140.907658403
60	141	140.909615488
61	141	140.913555084
62	141	140.918481591
63	141	140.924931745
64	141	140.932126
65	141	140.941448
66	141	140.95128
67	141	140.963108
52	142	141.95022
53	142	141.941202
54	142	141.929973098
55	142	141.924299512
56	142	141.916432888
57	142	141.914090454
58	142	141.909249884
59	142	141.91005044
60	142	141.907728895
61	142	141.912890428
62	142	141.915204532
63	142	141.923441836
64	142	141.928116
65	142	141.939280859
66	142	141.946194
67	142	141.96001
68	142	141.969909
52	143	142.95676
53	143	142.945646
54	143	142.935369553
55	143	142.927347348
56	143	142.92062515
57	143	142.916079422
58	143	142.91239163
59	143	142.910822564
60	143	142.909819887
61	143	142.910938073
62	143	142.914634821
63	143	142.920298681
64	143	142.926750682
65	143	142.935137335
66	143	142.943994335
67	143	142.95486
68	143	142.966441
53	144	143.95139
54	144	143.938945079
55	144	143.932075404
56	144	143.922954821
57	144	143.919645589
58	144	143.91365283
59	144	143.91331075
60	144	143.910092865
61	144	143.912596224
62	144	143.912006373
63	144	143.918819517
64	144	143.922963
65	144	143.933045
66	144	143.939269514
67	144	143.952109714
68	144	143.9607
69	144	143.976104
53	145	144.95605
54	145	144.944719634
55	145	144.93552893
56	145	144.9275184
57	145	144.921808066
58	145	144.917265144
59	145	144.914518033
60	145	144.912579199
61	145	144.912755773
62	145	144.913417244
63	145	144.916272668
64	145	144.92171037
65	145	144.928729105
66	145	144.937473994
67	145	144.947267394
68	145	144.957874
69	145	144.970389
54	146	145.948518248
55	146	145.94062187
56	146	145.930276431
57	146	145.925871468
58	146	145.918802065
59	146	145.917679549
60	146	145.913122503
61	146	145.914702286
62	146	145.913046881
63	146	145.917210909
64	146	145.918318548
65	146	145.927252768
66	146	145.932844529
67	146	145.944993506
68	146	145.952418359
69	146	145.966661
54	147	146.954525
55	147	146.944261515
56	147	146.9353039
57	147	146.9284178
58	147	146.922689903
59	147	146.919007458
60	147	146.91610601
61	147	146.915144638
62	147	146.914904064
63	147	146.916752276
64	147	146.919100987
65	147	146.92405462
66	147	146.931082715
67	147	146.940142295
68	147	146.949964458
69	147	146.96137989
54	148	147.958561
55	148	147.949639029
56	148	147.938170578
57	148	147.9326794
58	148	147.924424196
59	148	147.922130015
60	148	147.916899093
61	148	147.917481255
62	148	147.914829012
63	148	147.918089294
64	148	147.918121503
65	148	147.924275323
66	148	147.927149772
67	148	147.937743928
68	148	147.944735029
69	148	147.958384029
70	148	147.967439
55	149	148.953569
56	149	148.942973
57	149	148.93535126
58	149	148.9284269
59	149	148.9237361
60	149	148.920154648
61	149	148.918341658
62	149	148.917191375
63	149	148.917937086
64	149	148.919347831
65	149	148.923253753
66	149	148.927325448
67	149	148.933819672
68	149	148.942306
69	149	148.95289
70	149	148.96436
55	150	149.959023
56	150	149.94643
57	150	149.939742
58	150	149.930384035
59	150	149.926676415
60	150	149.920901525
61	150	149.920990217
62	150	149.917282195
63	150	149.919707229
64	150	149.918664066
65	150	149.923664864
66	150	149.92559308
67	150	149.933498358
68	150	149.937915528
69	150	149.95009
70	150	149.95852
71	150	149.973548
55	151	150.963253
56	151	150.951755
57	151	150.942769
58	151	150.9342722
59	151	150.928309114
60	151	150.923839565
61	151	150.921216817
62	151	150.919939066
63	151	150.91985686
64	151	150.920355109
65	151	150.923109001
66	151	150.926191253
67	151	150.931698177
68	151	150.937448567
69	151	150.945493201
70	151	150.955402458
71	151	150.967677
55	152	151.968942
56	152	151.955222
57	152	151.947085
58	152	151.936682
59	152	151.9315529
60	152	151.924691509
61	152	151.923505481
62	152	151.91973904
63	152	151.921751235
64	152	151.919798822
65	152	151.924082263
66	152	151.924725363
67	152	151.931717465
68	152	151.935050169
69	152	151.944476
70	152	151.9503267
71	152	151.96412
56	153	152.960848
57	153	152.950553
58	153	152.941052
59	153	152.933903532
60	153	152.927717949
61	153	152.924156436
62	153	152.922103969
63	153	152.921237043
64	153	152.921757359
65	153	152.923441978
66	153	152.925771992
67	153	152.930206632
68	153	152.935084279
69	153	152.942057244
70	153	152.94932
71	153	152.958805054
72	153	152.970692
56	154	153.964766
57	154	153.955416
58	154	153.94394
59	154	153.937621738
60	154	153.929333977
61	154	153.926449364
62	154	153.922216164
63	154	153.922985955
64	154	153.920873398
65	154	153.924684106
66	154	153.924429028
67	154	153.930606841
68	154	153.932790743
69	154	153.941570067
70	154	153.946395701
71	154	153.957364
72	154	153.964927
57	155	154.95928
58	155	154.948706
59	155	154.940509259
60	155	154.933135668
61	155	154.928137024
62	155	154.924647051
63	155	154.922900102
64	155	154.922629796
65	155	154.923509921
66	155	154.925758459
67	155	154.929103634
68	155	154.933215684
69	155	154.939209578
70	155	154.945783217
71	155	154.954326011
72	155	154.963317
73	155	154.974312
57	156	155.964519
58	156	155.951884
59	156	155.94464
60	156	155.935078868
61	156	155.93111749
62	156	155.925538511
63	156	155.924763285
64	156	155.922130562
65	156	155.92475443
66	156	155.924284038
67	156	155.929705436
68	156	155.93106589
69	156	155.938985597
70	156	155.942816893
71	156	155.953086606
72	156	155.959401889
73	156	155.972237
58	157	156.957133
59	157	156.94789
60	157	156.939386037
61	157	156.93312137
62	157	156.928418673
63	157	156.925432791
64	157	156.92396787
65	157	156.924032328
66	157	156.925469667
67	157	156.928251999
68	157	156.931922655
69	157	156.936973
70	157	156.94264923
71	157	156.950144045
72	157	156.958236
73	157	156.968230251
74	157	156.979098
58	158	157.960644
59	158	157.95241
60	158	157.94197
61	158	157.936565121
62	158	157.929950979
63	158	157.927798581
64	158	157.924111646
65	158	157.925420166
66	158	157.924414597
67	158	157.928944692
68	158	157.929893474
69	158	157.936979525
70	158	157.939870534
71	158	157.949315626
72	158	157.954801222
73	158	157.966541
74	158	157.974629
59	159	158.95589
60	159	158.94653
61	159	158.939286479
62	159	158.933217202
63	159	158.929099612
64	159	158.926396267
65	159	158.925353933
66	159	158.925746023
67	159	158.927718768
68	159	158.930690875
69	159	158.934975
70	159	158.940054787
71	159	158.946635615
72	159	158.953995838
73	159	158.963028052
74	159	158.972845
75	159	158.984171
59	160	159.960794
60	160	159.9494
61	160	159.9431
62	160	159.935335286
63	160	159.931850916
64	160	159.927061537
65	160	159.927174778
66	160	159.925203244
67	160	159.928735204
68	160	159.92907713
69	160	159.935263106
70	160	159.937559763
71	160	159.946033
72	160	159.950682513
73	160	159.961541679
74	160	159.968516753
75	160	159.98203
60	161	160.95428
61	161	160.94607
62	161	160.939160143
63	161	160.933664066
64	161	160.929676602
65	161	160.927577001
66	161	160.926939088
67	161	160.927860759
68	161	160.930003191
69	161	160.933549
70	161	160.937906846
71	161	160.943572
72	161	160.950279151
73	161	160.958369031
74	161	160.967197
75	161	160.977627121
76	161	160.989287
60	162	161.957541
61	162	161.95022
62	162	161.94146
63	162	161.936979303
64	162	161.930992146
65	162	161.929493955
66	162	161.926804168
67	162	161.929101485
68	162	161.92878696
69	162	161.934000872
70	162	161.935773771
71	162	161.943282776
72	162	161.947214896
73	162	161.957294202
74	162	161.963500347
75	162	161.975844
76	162	161.984498
61	163	162.95357
62	163	162.94555
63	163	162.939360977
64	163	162.934176832
65	163	162.930653261
66	163	162.928736879
67	163	162.928739921
68	163	162.930039567
69	163	162.932657941
70	163	162.9363398
71	163	162.941179
72	163	162.947113258
73	163	162.954337195
74	163	162.962524511
75	163	162.972085441
76	163	162.982617
61	164	163.958271
62	164	163.94836
63	164	163.942693
64	164	163.93583
65	164	163.933356559
66	164	163.929180472
67	164	163.930239483
68	164	163.929207392
69	164	163.933543281
70	164	163.934495103
71	164	163.941339
72	164	163.944370544
73	164	163.953534
74	164	163.958952222
75	164	163.970507124
76	164	163.978075966
77	164	163.992116
62	165	164.95297
63	165	164.945546
64	165	164.939395
65	165	164.93498
66	165	164.931709054
67	165	164.930328047
68	165	164.930733198
69	165	164.932442269
70	165	164.935270241
71	165	164.939406758
72	165	164.944567
73	165	164.950780303
74	165	164.958280974
75	165	164.967085375
76	165	164.976602
77	165	164.987555
62	166	165.956275
63	166	165.94932
64	166	165.94146
65	166	165.937858119
66	166	165.932812461
67	166	165.932290139
68	166	165.930299023
69	166	165.933560092
70	166	165.933874249
71	166	165.939859
72	166	165.94218
73	166	165.950512
74	166	165.955031346
75	166	165.96576094
76	166	165.972698141
77	166	165.985664
78	166	165.994923
63	167	166.952753
64	167	166.94545
65	167	166.93996
66	167	166.935661823
67	167	166.933138994
68	167	166.932054119
69	167	166.932856635
70	167	166.934953337
71	167	166.93827
72	167	166.9426
73	167	166.948093
74	167	166.954805873
75	167	166.962607
76	167	166.971548938
77	167	166.981671981
78	167	166.992901
63	168	167.957337
64	168	167.94808
65	168	167.9434
66	168	167.937133716
67	168	167.935521676
68	168	167.932376192
69	168	167.934177868
70	168	167.933889106
71	168	167.938735139
72	168	167.940568
73	168	167.948047
74	168	167.951805262
75	168	167.961572608
76	168	167.967798812
77	168	167.979960981
78	168	167.988183004
64	169	168.9526
65	169	168.94597
66	169	168.940313971
67	169	168.93687863
68	169	168.934596353
69	169	168.93421835
70	169	168.935182016
71	169	168.937643653
72	169	168.941259
73	169	168.946011
74	169	168.951778677
75	169	168.958765991
76	169	168.967017833
77	169	168.976281287
78	169	168.986567
79	169	168.99808
64	170	169.955577
65	170	169.94984
66	170	169.94239
67	170	169.939625289
68	170	169.935470673
69	170	169.935806507
70	170	169.934767245
71	170	169.938479234
72	170	169.939609
73	170	169.946175
74	170	169.9492312
75	170	169.958224966
76	170	169.963578673
77	170	169.974922
78	170	169.982502095
79	170	169.995972
65	171	170.95273
66	171	170.94612
67	171	170.94147149
68	171	170.938036148
69	171	170.936435126
70	171	170.936331517
71	171	170.93791866
72	171	170.940492
73	171	170.944476
74	171	170.949451
75	171	170.955716
76	171	170.963175348
77	171	170.971645522
78	171	170.981245502
79	171	170.991881542
80	171	171.003736
65	172	171.957219
66	172	171.94846
67	172	171.94473
68	172	171.939362344
69	172	171.938406067
70	172	171.936386658
71	172	171.939091417
72	172	171.939449716
73	172	171.944895
74	172	171.947292
75	172	171.955408079
76	172	171.960017088
77	172	171.970607036
78	172	171.977340788
79	172	171.989996708
80	172	171.998863391
66	173	172.95283
67	173	172.94702
68	173	172.9424
69	173	172.939606632
70	173	172.938216215
71	173	172.938935822
72	173	172.940513
73	173	172.94375
74	173	172.947689
75	173	172.953243
76	173	172.959808375
77	173	172.967505496
78	173	172.976443315
79	173	172.986223808
80	173	172.997091
66	174	173.955587
67	174	173.95095
68	174	173.94423
69	174	173.942174064
70	174	173.938867548
71	174	173.940342938
72	174	173.94004848
73	174	173.944454
74	174	173.946079
75	174	173.953115
76	174	173.957063152
77	174	173.966866676
78	174	173.972819832
79	174	173.984718
80	174	173.992870583
67	175	174.95362
68	175	174.94777
69	175	174.943842313
70	175	174.94128191
71	175	174.940777308
72	175	174.941511527
73	175	174.943737
74	175	174.946717
75	175	174.951381
76	175	174.956945105
77	175	174.964149521
78	175	174.972395457
79	175	174.981316085
80	175	174.991441086
67	176	175.95782
68	176	175.94994
69	176	175.946997711
70	176	175.942574708
71	176	175.942691809
72	176	175.941409905
73	176	175.944857
74	176	175.945634
75	176	175.951623
76	176	175.954806
77	176	175.963630119
78	176	175.968938214
79	176	175.980116927
80	176	175.987348335
81	176	176.000624367
68	177	176.95399
69	177	176.94904
70	177	176.945263848
71	177	176.943763668
72	177	176.94323032
73	177	176.944482073
74	177	176.946643
75	177	176.950328
76	177	176.954957882
77	177	176.9613015
78	177	176.968469529
79	177	176.976870379
80	177	176.986277376
81	177	176.996413797
68	178	177.956779
69	178	177.95264
70	178	177.94664971
71	178	177.945960162
72	178	177.943708456
73	178	177.945681
74	178	177.945885925
75	178	177.950989
76	178	177.9532533
77	178	177.961082
78	178	177.965649248
79	178	177.976055945
80	178	177.982484158
81	178	177.994857
82	178	178.003837163
69	179	178.95534
70	179	178.95004
71	179	178.947333082
72	179	178.945825838
73	179	178.945939187
74	179	178.947079501
75	179	178.949989715
76	179	178.953816669
77	179	178.959117596
78	179	178.965358719
79	179	178.973173668
80	179	178.981826899
81	179	178.991123405
82	179	179.002201452
69	180	179.959291
70	180	179.95212
71	180	179.949890876
72	180	179.946559669
73	180	179.947468392
74	180	179.946713435
75	180	179.950791568
76	180	179.95237993
77	180	179.959229446
78	180	179.963031563
79	180	179.972489883
80	180	179.978260249
81	180	179.989923019
82	180	179.997915842
69	181	180.962243
70	181	180.95589
71	181	180.951908
72	181	180.949110965
73	181	180.947999331
74	181	180.948218863
75	181	180.950061523
76	181	180.953247188
77	181	180.957634694
78	181	180.963089927
79	181	180.970079103
80	181	180.977819357
81	181	180.986259992
82	181	180.996653386
70	182	181.958325
71	182	181.95504
72	182	181.950563816
73	182	181.950155413
74	182	181.948205721
75	182	181.951211645
76	182	181.952110153
77	182	181.958076296
78	182	181.961171571
79	182	181.969617874
80	182	181.974689132
81	182	181.98569188
82	182	181.99267294
70	183	182.962319
71	183	182.957363
72	183	182.953534004
73	183	182.95137618
74	183	182.9502245
75	183	182.95082139
76	183	182.953124719
77	183	182.956839968
78	183	182.961596653
79	183	182.967588108
80	183	182.974444629
81	183	182.982192846
82	183	182.991867668
70	184	183.965067
71	184	183.96091
72	184	183.955448587
73	184	183.954010038
74	184	183.95093326
75	184	183.952528267
76	184	183.952492949
77	184	183.957476
78	184	183.959920039
79	184	183.967451524
80	184	183.971713221
81	184	183.981875093
82	184	183.988135702
83	184	184.00114125
70	185	184.969404
71	185	184.96362
72	185	184.958862
73	185	184.955561396
74	185	184.953421286
75	185	184.952958337
76	185	184.954045995
77	185	184.956698
78	185	184.960613659
79	185	184.965798874
80	185	184.971890676
81	185	184.978789191
82	185	184.987609989
83	185	184.9976
71	186	185.967568
72	186	185.960897
73	186	185.958553111
74	186	185.954365215
75	186	185.954989419
76	186	185.95383766
77	186	185.957946754
78	186	185.959350846
79	186	185.965952703
80	186	185.969362017
81	186	185.978650841
82	186	185.984238196
83	186	185.996622402
84	186	186.004402577
71	187	186.970392
72	187	186.96477
73	187	186.960391
74	187	186.957161323
75	187	186.955752288
76	187	186.95574964
77	187	186.957542
78	187	186.960616976
79	187	186.964543155
80	187	186.969814158
81	187	186.975904743
82	187	186.983910836
83	187	186.993147276
84	187	187.003036624
71	188	187.97446
72	188	187.96685
73	188	187.963916
74	188	187.958488395
75	188	187.958113728
76	188	187.955837361
77	188	187.958835046
78	188	187.95939756
79	188	187.965247969
80	188	187.96757691
81	188	187.976020886
82	188	187.980874592
83	188	187.992276184
84	188	187.999415655
72	189	188.97084
73	189	188.96583
74	189	188.961763
75	189	188.959227817
76	189	188.958146005
77	189	188.958722669
78	189	188.960848542
79	189	188.963948286
80	189	188.968194748
81	189	188.973573527
82	189	188.980843639
83	189	188.989195141
84	189	188.998473415
72	190	189.973129
73	190	189.96939
74	190	189.963089066
75	190	189.96174336
76	190	189.958445496
77	190	189.960543445
78	190	189.959949876
79	190	189.96475175
80	190	189.966322169
81	190	189.973835551
82	190	189.978081828
83	190	189.988620883
84	190	189.995100519
73	191	190.97156
74	191	190.966531
75	191	190.963123437
76	191	190.960928159
77	191	190.960591527
78	191	190.961676363
79	191	190.963716455
80	191	190.967158247
81	191	190.971784096
82	191	190.978281
83	191	190.985786975
84	191	190.994558488
85	191	191.004148086
73	192	191.97524
74	192	191.96817
75	192	191.966088
76	192	191.961478881
77	192	191.962602485
78	192	191.961042736
79	192	191.964817684
80	192	191.965634182
81	192	191.972225
82	192	191.975785115
83	192	191.985470078
84	192	191.991335788
85	192	192.003141034
73	193	192.977595
74	193	192.97178
75	193	192.967545
76	193	192.964149753
77	193	192.962923824
78	193	192.962984616
79	193	192.964138447
80	193	192.966653377
81	193	192.970501997
82	193	192.976173234
83	193	192.982947223
84	193	192.991062403
85	193	192.999927728
86	193	193.009707964
73	194	193.981428
74	194	193.97367
75	194	193.97076
76	194	193.965179477
77	194	193.965075773
78	194	193.962683527
79	194	193.965419062
80	194	193.965449111
81	194	193.971081411
82	194	193.974011706
83	194	193.982792362
84	194	193.988186015
85	194	193.999226872
86	194	194.006144424
74	195	194.977445
75	195	194.97254
76	195	194.968318
77	195	194.965976967
78	195	194.964794353
79	195	194.965037851
80	195	194.966705751
81	195	194.969774096
82	195	194.974548743
83	195	194.980648762
84	195	194.988130617
85	195	194.996274485
86	195	195.005421699
74	196	195.979731
75	196	195.9758
76	196	195.969643277
77	196	195.968399696
78	196	195.964954675
79	196	195.966571221
80	196	195.965833444
81	196	195.970481192
82	196	195.972787466
83	196	195.980666509
84	196	195.985536094
85	196	195.995797421
86	196	196.002115945
74	197	196.983747
75	197	196.97799
76	197	196.97283
77	197	196.969657233
78	197	196.967343053
79	197	196.966570114
80	197	196.967213713
81	197	196.969573986
82	197	196.973434717
83	197	196.978864929
84	197	196.985659607
85	197	196.993177357
86	197	197.00162143
87	197	197.01100809
75	198	197.9816
76	198	197.97441
77	198	197.97228
78	198	197.967896734
79	198	197.968243724
80	198	197.966769179
81	198	197.970446673
82	198	197.972015397
83	198	197.979206
84	198	197.983388672
85	198	197.992791673
86	198	197.998679156
87	198	198.010278138
75	199	198.984047
76	199	198.97801
77	199	198.973807115
78	199	198.970597038
79	199	198.968766582
80	199	198.968280989
81	199	198.969877
82	199	198.972912542
83	199	198.977672893
84	199	198.983673021
85	199	198.990527719
86	199	198.998390273
87	199	199.007269389
76	200	199.97984
77	200	199.9768
78	200	199.971444625
79	200	199.970756556
80	200	199.968326934
81	200	199.970963602
82	200	199.971818332
83	200	199.978131093
84	200	199.98181227
85	200	199.9903511
86	200	199.995700707
87	200	200.006583507
76	201	200.98364
77	201	200.97864
78	201	200.974513293
79	201	200.971657665
80	201	200.970303038
81	201	200.970820168
82	201	200.972870425
83	201	200.977008512
84	201	200.982263777
85	201	200.988417061
86	201	200.995628179
87	201	201.003852496
88	201	201.012814683
76	202	201.98595
77	202	201.98199
78	202	201.975639
79	202	201.973856
80	202	201.970643585
81	202	201.972109089
82	202	201.972151604
83	202	201.9777331
84	202	201.980738881
85	202	201.98863038
86	202	201.993263902
87	202	202.003323946
88	202	202.009742264
76	203	202.991798
77	203	202.98423
78	203	202.97893
79	203	202.975154498
80	203	202.972872326
81	203	202.972344022
82	203	202.973390535
83	203	202.976892145
84	203	202.981415995
85	203	202.986942957
86	203	202.993393732
87	203	203.000940872
88	203	203.009298745
77	204	203.9896
78	204	203.98076
79	204	203.977831
80	204	203.973494037
81	204	203.973863337
82	204	203.97304342
83	204	203.977835717
84	204	203.980309863
85	204	203.987251197
86	204	203.991443644
87	204	204.000651974
88	204	204.006502228
77	205	204.993602
78	205	204.98608
79	205	204.97985
80	205	204.976073125
81	205	204.974427237
82	205	204.974481597
83	205	204.977386323
84	205	204.981190004
85	205	204.986074041
86	205	204.991723204
87	205	204.998593858
88	205	205.006268415
89	205	205.015144158
78	206	205.98966
79	206	205.98474
80	206	205.977513756
81	206	205.976110026
82	206	205.974465124
83	206	205.978498757
84	206	205.980473654
85	206	205.986656148
86	206	205.990195358
87	206	205.998666211
88	206	206.003827763
89	206	206.014470787
78	207	206.995126
79	207	206.988395
80	207	206.9823
81	207	206.977418586
82	207	206.975896735
83	207	206.978470471
84	207	206.981593252
85	207	206.985799783
86	207	206.9907302
87	207	206.996946474
88	207	207.003805161
89	207	207.011965973
78	208	207.998937
79	208	207.99345
80	208	207.985759
81	208	207.982017992
82	208	207.976651918
83	208	207.979741981
84	208	207.981245616
85	208	207.986613042
86	208	207.989634295
87	208	207.997138018
88	208	208.001854929
89	208	208.011544073
90	208	208.017910722
79	209	208.997273
80	209	208.99072
81	209	208.98535175
82	209	208.981089898
83	209	208.980398519
84	209	208.982430276
85	209	208.986169944
86	209	208.990401388
87	209	208.995953197
88	209	209.001994879
89	209	209.00949422
90	209	209.017571
79	210	210.0025
80	210	209.99424
81	210	209.99007297
82	210	209.984188301
83	210	209.984120156
84	210	209.982873601
85	210	209.987147338
86	210	209.989688854
87	210	209.996421657
88	210	210.000475356
89	210	210.00943613
90	210	210.015093437
80	211	210.99933
81	211	210.993475
82	211	210.988735356
83	211	210.987268698
84	211	210.986653085
85	211	210.987496147
86	211	210.990600686
87	211	210.995555259
88	211	211.000893213
89	211	211.007731894
90	211	211.014933183
91	211	211.023704
80	212	212.00296
81	212	211.998335
82	212	211.991895975
83	212	211.991285016
84	212	211.988867896
85	212	211.990737223
86	212	211.990703528
87	212	211.996225453
88	212	211.999786399
89	212	212.007812501
90	212	212.013001487
91	212	212.023181425
80	213	213.00823
81	213	213.001915
82	213	212.996560867
83	213	212.994383608
84	213	212.992857083
85	213	212.992936514
86	213	212.993885064
87	213	212.996185861
88	213	213.00037097
89	213	213.006607333
90	213	213.013011447
91	213	213.021108697
80	214	214.012
81	214	214.00694
82	214	213.999803788
83	214	213.998710938
84	214	213.995201208
85	214	213.996371601
86	214	213.995362566
87	214	213.998970785
88	214	214.000099554
89	214	214.006917762
90	214	214.011481431
91	214	214.020918561
80	215	215.0174
81	215	215.01064
82	215	215.00466159
83	215	215.001749149
84	215	214.999418454
85	215	214.99865189
86	215	214.998745498
87	215	215.000341456
88	215	215.00272008
89	215	215.006474132
90	215	215.011724805
91	215	215.019177728
92	215	215.026756035
80	216	216.02132
81	216	216.0158
82	216	216.00803
83	216	216.006305989
84	216	216.001913506
85	216	216.002422631
86	216	216.000271464
87	216	216.003189445
88	216	216.003533117
89	216	216.008743367
90	216	216.011055714
91	216	216.019108242
92	216	216.024762747
81	217	217.01966
82	217	217.01314
83	217	217.009372
84	217	217.006316216
85	217	217.004717835
86	217	217.003927562
87	217	217.004631902
88	217	217.006322806
89	217	217.009343777
90	217	217.013103444
91	217	217.018323692
92	217	217.024663
81	218	218.024885
82	218	218.01659
83	218	218.014188
84	218	218.008971502
85	218	218.008693735
86	218	218.005601052
87	218	218.007578274
88	218	218.007140325
89	218	218.011641093
90	218	218.013276242
91	218	218.020057853
92	218	218.023504829
82	219	219.02177
83	219	219.01748
84	219	219.013614
85	219	219.011160647
86	219	219.009478753
87	219	219.009251553
88	219	219.010085176
89	219	219.012420348
90	219	219.015535677
91	219	219.01990365
92	219	219.024999161
93	219	219.031623021
82	220	220.02541
83	220	220.02235
84	220	220.016386
85	220	220.015433
86	220	220.011392534
87	220	220.012326778
88	220	220.011025562
89	220	220.01475445
90	220	220.015747926
91	220	220.021705
92	220	220.02462
93	220	220.03254
83	221	221.02587
84	221	221.021228
85	221	221.018017
86	221	221.015535709
87	221	221.014253757
88	221	221.013917224
89	221	221.015591199
90	221	221.018186236
91	221	221.021874846
92	221	221.026323299
93	221	221.032045
83	222	222.030842
84	222	222.02414
85	222	222.022494
86	222	222.017576286
87	222	222.01758262
88	222	222.015373355
89	222	222.017843887
90	222	222.0184683
91	222	222.023784
92	222	222.026057953
93	222	222.0333
83	223	223.0345
84	223	223.02907
85	223	223.025151
86	223	223.021889285
87	223	223.019734313
88	223	223.018500719
89	223	223.019136872
90	223	223.020811546
91	223	223.023962232
92	223	223.027737168
93	223	223.03285
83	224	224.039539
84	224	224.03211
85	224	224.029749
86	224	224.024095804
87	224	224.0233481
88	224	224.020210453
89	224	224.021722239
90	224	224.021464157
91	224	224.02561721
92	224	224.027613974
93	224	224.03422
84	225	225.03707
85	225	225.03263
86	225	225.028485574
87	225	225.025572478
88	225	225.023610574
89	225	225.023228647
90	225	225.023950907
91	225	225.026130844
92	225	225.029393555
93	225	225.033910797
84	226	226.04031
85	226	226.03716
86	226	226.030861382
87	226	226.029544515
88	226	226.025408455
89	226	226.026097069
90	226	226.024903686
91	226	226.027947872
92	226	226.029338749
93	226	226.035188
84	227	227.04539
85	227	227.04024
86	227	227.035304396
87	227	227.031865417
88	227	227.029176474
89	227	227.027750666
90	227	227.027702618
91	227	227.028804477
92	227	227.031181587
93	227	227.034956832
94	227	227.039474
85	228	228.04475
86	228	228.037835418
87	228	228.035839437
88	228	228.031068657
89	228	228.031019767
90	228	228.028739835
91	228	228.031050748
92	228	228.031371351
93	228	228.036066462
94	228	228.038741387
85	229	229.04812
86	229	229.042257276
87	229	229.038291455
88	229	229.034956707
89	229	229.032947
90	229	229.031761431
91	229	229.032095652
92	229	229.033505909
93	229	229.036263974
94	229	229.040145819
95	229	229.045249909
86	230	230.04514
87	230	230.042390791
88	230	230.03705478
89	230	230.036327
90	230	230.033132358
91	230	230.034539789
92	230	230.033940102
93	230	230.037827716
94	230	230.039650703
95	230	230.046089
86	231	231.04987
87	231	231.045175357
88	231	231.041027086
89	231	231.038393
90	231	231.036302853
91	231	231.035882575
92	231	231.036292252
93	231	231.03824449
94	231	231.04112641
95	231	231.045529
96	231	231.050746
87	232	232.049461224
88	232	232.04347527
89	232	232.042034
90	232	232.038053689
91	232	232.0385903
92	232	232.03715486
93	232	232.040107
94	232	232.041184526
95	232	232.046527
96	232	232.049718
87	233	233.052517838
88	233	233.047594573
89	233	233.044346
90	233	233.041580208
91	233	233.040246605
92	233	233.039634367
93	233	233.040739489
94	233	233.042997345
95	233	233.046445
96	233	233.050772206
97	233	233.056748
88	234	234.050382104
89	234	234.048139
90	234	234.04359986
91	234	234.043305615
92	234	234.04095037
93	234	234.04289332
94	234	234.043317478
95	234	234.047731
96	234	234.050160959
97	234	234.057387
88	235	235.05489
89	235	235.05084
90	235	235.047255
91	235	235.045399
92	235	235.04392819
93	235	235.044061591
94	235	235.045284682
95	235	235.047907371
96	235	235.051567
97	235	235.05658
89	236	236.054988
90	236	236.049657
91	236	236.048668
92	236	236.045566201
93	236	236.046568392
94	236	236.046056756
95	236	236.049427
96	236	236.051374506
97	236	236.05748
89	237	237.057993
90	237	237.053629
91	237	237.051023
92	237	237.04872838
93	237	237.04817171
94	237	237.048407957
95	237	237.049995
96	237	237.052868923
97	237	237.0571
98	237	237.062199993
90	238	238.056388
91	238	238.054637
92	238	238.050786996
93	238	238.050944671
94	238	238.04955825
95	238	238.051982607
96	238	238.053081595
97	238	238.058203
98	238	238.06149
90	239	239.060602
91	239	239.05726
92	239	239.054292048
93	239	239.052937599
94	239	239.052161669
95	239	239.053022803
96	239	239.054908593
97	239	239.05824
98	239	239.062554
99	239	239.06823
91	240	240.061095
92	240	240.056592425
93	240	240.05616383
94	240	240.053811812
95	240	240.055298444
96	240	240.055528329
97	240	240.059758
98	240	240.062255842
99	240	240.06892
91	241	241.064026
92	241	241.06033
93	241	241.058250697
94	241	241.056849722
95	241	241.056827413
96	241	241.057651288
97	241	241.060153
98	241	241.06369
99	241	241.06856
100	241	241.07421
92	242	242.062931
93	242	242.061639615
94	242	242.058741045
95	242	242.059547428
96	242	242.058834263
97	242	242.06198
98	242	242.063754533
99	242	242.069567
100	242	242.07343
92	243	243.066946
93	243	243.064279
94	243	243.062002119
95	243	243.06137994
96	243	243.061387403
97	243	243.06300598
98	243	243.065475
99	243	243.069509
100	243	243.07449
93	244	244.06785
94	244	244.064204415
95	244	244.064282964
96	244	244.062750694
97	244	244.065179039
98	244	244.065999543
99	244	244.070881
100	244	244.074038
93	245	245.070736
94	245	245.067824568
95	245	245.06645289
96	245	245.065491113
97	245	245.066359885
98	245	245.068046825
99	245	245.071247
100	245	245.075349
101	245	245.080808
94	246	246.070204209
95	246	246.069774
96	246	246.067222082
97	246	246.068671367
98	246	246.068803762
99	246	246.072894
100	246	246.075350815
101	246	246.081713
94	247	247.07419
95	247	247.072092
96	247	247.070352726
97	247	247.07030594
98	247	247.070965462
99	247	247.073621932
100	247	247.076944
101	247	247.081521
95	248	248.075752
96	248	248.072349101
97	248	248.073087
98	248	248.072182978
99	248	248.075469
100	248	248.077185528
101	248	248.082822
102	248	248.08655
95	249	249.07848
96	249	249.075954006
97	249	249.074983182
98	249	249.074850491
99	249	249.076409
100	249	249.078926098
101	249	249.082912
102	249	249.087797
96	250	250.078357556
97	250	250.078315027
98	250	250.076404561
99	250	250.078611
100	250	250.079519828
101	250	250.084413
102	250	250.087562
96	251	251.082285036
97	251	251.080760603
98	251	251.079587219
99	251	251.079992224
100	251	251.081539889
101	251	251.084774291
102	251	251.088942
103	251	251.09418
96	252	252.08487
97	252	252.08431
98	252	252.081626523
99	252	252.082979189
100	252	252.082464972
101	252	252.086432
102	252	252.088966141
103	252	252.095263
97	253	253.08688
98	253	253.085133738
99	253	253.084821305
100	253	253.08518116
101	253	253.087143
102	253	253.090562831
103	253	253.095089
104	253	253.100438
97	254	254.0906
98	254	254.08732359
99	254	254.088020527
100	254	254.086852726
101	254	254.08959
102	254	254.090954259
103	254	254.096481
104	254	254.100053
98	255	255.091047
99	255	255.090273553
100	255	255.089962633
101	255	255.091082787
102	255	255.093191404
103	255	255.096562404
104	255	255.101267
105	255	255.106918
98	256	256.093442
99	256	256.093599
100	256	256.091773878
101	256	256.093888
102	256	256.094280866
103	256	256.098494029
104	256	256.101151535
105	256	256.107889
99	257	257.095979
100	257	257.095105317
101	257	257.095537977
102	257	257.096884419
103	257	257.09948
104	257	257.102916848
105	257	257.107576
99	258	258.09952
100	258	258.097077
101	258	258.098429825
102	258	258.098205
103	258	258.101753
104	258	258.103426362
105	258	258.109284
106	258	258.112984
100	259	259.100596
101	259	259.10051
102	259	259.100997503
103	259	259.102901
104	259	259.105596
105	259	259.109491865
106	259	259.114353
100	260	260.102809
101	260	260.103653
102	260	260.102643
103	260	260.105504
104	260	260.106439
105	260	260.111297
106	260	260.114383508
107	260	260.121658
101	261	261.105828
102	261	261.105696
103	261	261.10688
104	261	261.10876999
105	261	261.11198
106	261	261.115948188
107	261	261.121454
101	262	262.109101
102	262	262.107463
103	262	262.109611
104	262	262.109923
105	262	262.114068
106	262	262.116335446
107	262	262.122965
102	263	263.110714
103	263	263.111358
104	263	263.11246
105	263	263.114988
106	263	263.118294
107	263	263.122916
108	263	263.12848
102	264	264.112734
103	264	264.1142
104	264	264.113878
105	264	264.117405
106	264	264.118929
107	264	264.124593
108	264	264.128356405
103	265	265.116193
104	265	265.116683
105	265	265.118608
106	265	265.12109
107	265	265.124977
108	265	265.129791799
109	265	265.135995
103	266	266.119831
104	266	266.118172
105	266	266.121028
106	266	266.121973
107	266	266.12679
108	266	266.130045252
109	266	266.137373
104	267	267.121787
105	267	267.122464
106	267	267.124322
107	267	267.1275
108	267	267.131673
109	267	267.137189
110	267	267.143726
104	268	268.123968
105	268	268.125671
106	268	268.125392
107	268	268.129691
108	268	268.131863
109	268	268.138649
110	268	268.143477
105	269	269.127911
106	269	269.12857
107	269	269.130412
108	269	269.133725
109	269	269.138884
110	269	269.144751021
105	270	270.131302
106	270	270.130426
107	270	270.133362
108	270	270.134314
109	270	270.140323
110	270	270.14458309
106	271	271.133932
107	271	271.135182
108	271	271.137135
109	271	271.140742
110	271	271.145946
106	272	272.13589
107	272	272.138261
108	272	272.138494
109	272	272.143406
110	272	272.146018
111	272	272.153273
106	273	273.13958
107	273	273.14024
108	273	273.14159
109	273	273.14462
110	273	273.148531
111	273	273.153189
107	274	274.143513
108	274	274.143303
109	274	274.147339
110	274	274.149434
111	274	274.155249
107	275	275.14567
108	275	275.146667
109	275	275.149039
110	275	275.151976
111	275	275.155981
108	276	276.148455
109	276	276.151708
110	276	276.153024
111	276	276.158333
112	276	276.16141
108	277	277.151899
109	277	277.153483
110	277	277.155815
111	277	277.159247
112	277	277.163611
109	278	278.156454
110	278	278.157146
111	278	278.161587
112	278	278.164179
113	278	278.170574
109	279	279.158343
110	279	279.160093
111	279	279.162937
112	279	279.166432
113	279	279.17095
110	280	280.16159
111	280	280.165203
112	280	280.167147
113	280	280.172991
110	281	281.164715
111	281	281.166718
112	281	281.169641
113	281	281.17371
111	282	282.169405
112	282	282.170668
113	282	282.175766
111	283	283.170995
112	283	283.173362
113	283	283.17682
112	284	284.174499
113	284	284.178843
114	284	284.181344
112	285	285.177321
113	285	285.180066
114	285	285.183579
113	286	286.182518
114	286	286.184406
113	287	287.18384
114	287	287.186875
115	287	287.190978
114	288	288.187916
115	288	288.192992
114	289	289.190623
115	289	289.193953
116	289	289.198099
115	290	290.196345
116	290	290.198818
115	291	291.197522
116	291	291.201169
117	291	291.205906
116	292	292.202086
117	292	292.207812
116	293	293.204691
117	293	293.20868
118	293	293.213498
117	294	294.210974
118	294	294.214132
118	295	295.216332

