150.681 19.4536
16.7199 150.353
52.5232 108.468
35.9557 136.047
81.7175 64.6809
149.652 11.8355
50.664 121.649
102.331 58.9361
87.8931 54.851
10.3018 151.206
107.871 38.0955
71.1322 80.4188
73.6946 71.0806
77.2978 84.4194
38.6094 132.318
56.5792 86.5842
14.1361 149.951
22.5162 162.219
54.4298 92.6843
102.969 51.6798
60.5667 99.8279
65.5834 77.6165
97.2723 45.4856
74.8727 68.028
90.4943 60.2191
154.292 7.86145
124.799 33.1893
64.1593 85.7027
11.7365 153.445
22.0861 158.262
48.2071 124.27
133.223 22.863
10.2444 176.76
56.5833 89.9031
27.9639 126.429
74.6007 72.1154
86.4096 69.5033
159.585 9.43998
105.262 45.4774
86.1144 60.6437
150.681 19.4536
16.7199 150.353
52.5232 108.468
35.9557 136.047
81.7175 64.6809
149.652 11.8355
50.664 121.649
102.331 58.9361
87.8931 54.851
10.3018 151.206
107.871 38.0955
71.1322 80.4188
73.6946 71.0806
77.2978 84.4194
38.6094 132.318
56.5792 86.5842
14.1361 149.951
22.5162 162.219
54.4298 92.6843
102.969 51.6798
60.5667 99.8279
65.5834 77.6165
97.2723 45.4856
74.8727 68.028
90.4943 60.2191
154.292 7.86145
124.799 33.1893
64.1593 85.7027
11.7365 153.445
22.0861 158.262
48.2071 124.27
133.223 22.863
10.2444 176.76
56.5833 89.9031
27.9639 126.429
74.6007 72.1154
86.4096 69.5033
159.585 9.43998
105.262 45.4774
86.1144 60.6437
150.681 19.4536
16.7199 150.353
52.5232 108.468
35.9557 136.047
81.7175 64.6809
149.652 11.8355
50.664 121.649
102.331 58.9361
87.8931 54.851
10.3018 151.206
107.871 38.0955
71.1322 80.4188
73.6946 71.0806
77.2978 84.4194
38.6094 132.318
56.5792 86.5842
14.1361 149.951
22.5162 162.219
54.4298 92.6843
102.969 51.6798
60.5667 99.8279
65.5834 77.6165
97.2723 45.4856
74.8727 68.028
90.4943 60.2191
154.292 7.86145
124.799 33.1893
64.1593 85.7027
11.7365 153.445
22.0861 158.262
48.2071 124.27
133.223 22.863
10.2444 176.76
56.5833 89.9031
27.9639 126.429
74.6007 72.1154
86.4096 69.5033
159.585 9.43998
105.262 45.4774
86.1144 60.6437
150.681 19.4536
16.7199 150.353
52.5232 108.468
35.9557 136.047
81.7175 64.6809
149.652 11.8355
50.664 121.649
102.331 58.9361
87.8931 54.851
10.3018 151.206
107.871 38.0955
71.1322 80.4188
73.6946 71.0806
77.2978 84.4194
38.6094 132.318
56.5792 86.5842
14.1361 149.951
22.5162 162.219
54.4298 92.6843
102.969 51.6798
60.5667 99.8279
65.5834 77.6165
97.2723 45.4856
74.8727 68.028
90.4943 60.2191
154.292 7.86145
124.799 33.1893
64.1593 85.7027
11.7365 153.445
22.0861 158.262
48.2071 124.27
133.223 22.863
10.2444 176.76
56.5833 89.9031
27.9639 126.429
74.6007 72.1154
86.4096 69.5033
159.585 9.43998
105.262 45.4774
86.1144 60.6437
150.681 19.4536
16.7199 150.353
52.5232 108.468
35.9557 136.047
81.7175 64.6809
149.652 11.8355
50.664 121.649
102.331 58.9361
87.8931 54.851
10.3018 151.206
107.871 38.0955
71.1322 80.4188
73.6946 71.0806
77.2978 84.4194
38.6094 132.318
56.5792 86.5842
14.1361 149.951
22.5162 162.219
54.4298 92.6843
102.969 51.6798
60.5667 99.8279
65.5834 77.6165
97.2723 45.4856
74.8727 68.028
90.4943 60.2191
154.292 7.86145
124.799 33.1893
64.1593 85.7027
11.7365 153.445
22.0861 158.262
48.2071 124.27
133.223 22.863
10.2444 176.76
56.5833 89.9031
27.9639 126.429
74.6007 72.1154
86.4096 69.5033
159.585 9.43998
105.262 45.4774
86.1144 60.6437
150.681 19.4536
16.7199 150.353
52.5232 108.468
35.9557 136.047
81.7175 64.6809
149.652 11.8355
50.664 121.649
102.331 58.9361
87.8931 54.851
10.3018 151.206
107.871 38.0955
71.1322 80.4188
73.6946 71.0806
77.2978 84.4194
38.6094 132.318
56.5792 86.5842
14.1361 149.951
22.5162 162.219
54.4298 92.6843
102.969 51.6798
60.5667 99.8279
65.5834 77.6165
97.2723 45.4856
74.8727 68.028
90.4943 60.2191
154.292 7.86145
124.799 33.1893
64.1593 85.7027
11.7365 153.445
22.0861 158.262
48.2071 124.27
133.223 22.863
10.2444 176.76
56.5833 89.9031
27.9639 126.429
74.6007 72.1154
86.4096 69.5033
159.585 9.43998
105.262 45.4774
86.1144 60.6437
150.681 19.4536
16.7199 150.353
52.5232 108.468
35.9557 136.047
81.7175 64.6809
149.652 11.8355
50.664 121.649
102.331 58.9361
87.8931 54.851
10.3018 151.206
107.871 38.0955
71.1322 80.4188
73.6946 71.0806
77.2978 84.4194
38.6094 132.318
56.5792 86.5842
14.1361 149.951
22.5162 162.219
54.4298 92.6843
102.969 51.6798
60.5667 99.8279
65.5834 77.6165
97.2723 45.4856
74.8727 68.028
90.4943 60.2191
154.292 7.86145
124.799 33.1893
64.1593 85.7027
11.7365 153.445
22.0861 158.262
48.2071 124.27
133.223 22.863
10.2444 176.76
56.5833 89.9031
27.9639 126.429
74.6007 72.1154
86.4096 69.5033
159.585 9.43998
105.262 45.4774
86.1144 60.6437
150.681 19.4536
16.7199 150.353
52.5232 108.468
35.9557 136.047
81.7175 64.6809
149.652 11.8355
50.664 121.649
102.331 58.9361
87.8931 54.851
10.3018 151.206
107.871 38.0955
71.1322 80.4188
73.6946 71.0806
77.2978 84.4194
38.6094 132.318
56.5792 86.5842
14.1361 149.951
22.5162 162.219
54.4298 92.6843
102.969 51.6798
60.5667 99.8279
65.5834 77.6165
97.2723 45.4856
74.8727 68.028
90.4943 60.2191
154.292 7.86145
124.799 33.1893
64.1593 85.7027
11.7365 153.445
22.0861 158.262
48.2071 124.27
133.223 22.863
10.2444 176.76
56.5833 89.9031
27.9639 126.429
74.6007 72.1154
86.4096 69.5033
159.585 9.43998
105.262 45.4774
86.1144 60.6437
150.681 19.4536
16.7199 150.353
52.5232 108.468
35.9557 136.047
81.7175 64.6809
149.652 11.8355
50.664 121.649
102.331 58.9361
87.8931 54.851
10.3018 151.206
107.871 38.0955
71.1322 80.4188
73.6946 71.0806
77.2978 84.4194
38.6094 132.318
56.5792 86.5842
14.1361 149.951
22.5162 162.219
54.4298 92.6843
102.969 51.6798
60.5667 99.8279
65.5834 77.6165
97.2723 45.4856
74.8727 68.028
90.4943 60.2191
154.292 7.86145
124.799 33.1893
64.1593 85.7027
11.7365 153.445
22.0861 158.262
48.2071 124.27
133.223 22.863
10.2444 176.76
56.5833 89.9031
27.9639 126.429
74.6007 72.1154
86.4096 69.5033
159.585 9.43998
105.262 45.4774
86.1144 60.6437
150.681 19.4536
16.7199 150.353
52.5232 108.468
35.9557 136.047
81.7175 64.6809
149.652 11.8355
50.664 121.649
102.331 58.9361
87.8931 54.851
10.3018 151.206
107.871 38.0955
71.1322 80.4188
73.6946 71.0806
77.2978 84.4194
38.6094 132.318
56.5792 86.5842
14.1361 149.951
22.5162 162.219
54.4298 92.6843
102.969 51.6798
60.5667 99.8279
65.5834 77.6165
97.2723 45.4856
74.8727 68.028
90.4943 60.2191
154.292 7.86145
124.799 33.1893
64.1593 85.7027
11.7365 153.445
22.0861 158.262
48.2071 124.27
133.223 22.863
10.2444 176.76
56.5833 89.9031
27.9639 126.429
74.6007 72.1154
86.4096 69.5033
159.585 9.43998
105.262 45.4774
86.1144 60.6437
150.681 19.4536
16.7199 150.353
52.5232 108.468
35.9557 136.047
81.7175 64.6809
149.652 11.8355
50.664 121.649
102.331 58.9361
87.8931 54.851
10.3018 151.206
107.871 38.0955
71.1322 80.4188
73.6946 71.0806
77.2978 84.4194
38.6094 132.318
56.5792 86.5842
14.1361 149.951
22.5162 162.219
54.4298 92.6843
102.969 51.6798
60.5667 99.8279
65.5834 77.6165
97.2723 45.4856
74.8727 68.028
90.4943 60.2191
154.292 7.86145
124.799 33.1893
64.1593 85.7027
11.7365 153.445
22.0861 158.262
48.2071 124.27
133.223 22.863
10.2444 176.76
56.5833 89.9031
27.9639 126.429
74.6007 72.1154
86.4096 69.5033
159.585 9.43998
105.262 45.4774
86.1144 60.6437
150.681 19.4536
16.7199 150.353
52.5232 108.468
35.9557 136.047
81.7175 64.6809
149.652 11.8355
50.664 121.649
102.331 58.9361
87.8931 54.851
10.3018 151.206
107.871 38.0955
71.1322 80.4188
73.6946 71.0806
77.2978 84.4194
38.6094 132.318
56.5792 86.5842
14.1361 149.951
22.5162 162.219
54.4298 92.6843
102.969 51.6798
60.5667 99.8279
65.5834 77.6165
97.2723 45.4856
74.8727 68.028
90.4943 60.2191
154.292 7.86145
124.799 33.1893
64.1593 85.7027
11.7365 153.445
22.0861 158.262
48.2071 124.27
133.223 22.863
10.2444 176.76
56.5833 89.9031
27.9639 126.429
74.6007 72.1154
86.4096 69.5033
159.585 9.43998
105.262 45.4774
86.1144 60.6437
150.681 19.4536
16.7199 150.353
52.5232 108.468
35.9557 136.047
81.7175 64.6809
149.652 11.8355
50.664 121.649
102.331 58.9361
87.8931 54.851
10.3018 151.206
107.871 38.0955
71.1322 80.4188
73.6946 71.0806
77.2978 84.4194
38.6094 132.318
56.5792 86.5842
14.1361 149.951
22.5162 162.219
54.4298 92.6843
102.969 51.6798
60.5667 99.8279
65.5834 77.6165
97.2723 45.4856
74.8727 68.028
90.4943 60.2191
154.292 7.86145
124.799 33.1893
64.1593 85.7027
11.7365 153.445
22.0861 158.262
48.2071 124.27
133.223 22.863
10.2444 176.76
56.5833 89.9031
27.9639 126.429
74.6007 72.1154
86.4096 69.5033
159.585 9.43998
105.262 45.4774
86.1144 60.6437
150.681 19.4536
16.7199 150.353
52.5232 108.468
35.9557 136.047
81.7175 64.6809
149.652 11.8355
50.664 121.649
102.331 58.9361
87.8931 54.851
10.3018 151.206
107.871 38.0955
71.1322 80.4188
73.6946 71.0806
77.2978 84.4194
38.6094 132.318
56.5792 86.5842
14.1361 149.951
22.5162 162.219
54.4298 92.6843
102.969 51.6798
60.5667 99.8279
65.5834 77.6165
97.2723 45.4856
74.8727 68.028
90.4943 60.2191
154.292 7.86145
124.799 33.1893
64.1593 85.7027
11.7365 153.445
22.0861 158.262
48.2071 124.27
133.223 22.863
10.2444 176.76
56.5833 89.9031
27.9639 126.429
74.6007 72.1154
86.4096 69.5033
159.585 9.43998
105.262 45.4774
86.1144 60.6437
150.681 19.4536
16.7199 150.353
52.5232 108.468
35.9557 136.047
81.7175 64.6809
149.652 11.8355
50.664 121.649
102.331 58.9361
87.8931 54.851
10.3018 151.206
107.871 38.0955
71.1322 80.4188
73.6946 71.0806
77.2978 84.4194
38.6094 132.318
56.5792 86.5842
14.1361 149.951
22.5162 162.219
54.4298 92.6843
102.969 51.6798
60.5667 99.8279
65.5834 77.6165
97.2723 45.4856
74.8727 68.028
90.4943 60.2191
154.292 7.86145
124.799 33.1893
64.1593 85.7027
11.7365 153.445
22.0861 158.262
48.2071 124.27
133.223 22.863
10.2444 176.76
56.5833 89.9031
27.9639 126.429
74.6007 72.1154
86.4096 69.5033
159.585 9.43998
105.262 45.4774
86.1144 60.6437
150.681 19.4536
16.7199 150.353
52.5232 108.468
35.9557 136.047
81.7175 64.6809
149.652 11.8355
50.664 121.649
102.331 58.9361
87.8931 54.851
10.3018 151.206
107.871 38.0955
71.1322 80.4188
73.6946 71.0806
77.2978 84.4194
38.6094 132.318
56.5792 86.5842
14.1361 149.951
22.5162 162.219
54.4298 92.6843
102.969 51.6798
60.5667 99.8279
65.5834 77.6165
97.2723 45.4856
74.8727 68.028
90.4943 60.2191
154.292 7.86145
124.799 33.1893
64.1593 85.7027
11.7365 153.445
22.0861 158.262
48.2071 124.27
133.223 22.863
10.2444 176.76
56.5833 89.9031
27.9639 126.429
74.6007 72.1154
86.4096 69.5033
159.585 9.43998
105.262 45.4774
86.1144 60.6437
150.681 19.4536
16.7199 150.353
52.5232 108.468
35.9557 136.047
81.7175 64.6809
149.652 11.8355
50.664 121.649
102.331 58.9361
87.8931 54.851
10.3018 151.206
107.871 38.0955
71.1322 80.4188
73.6946 71.0806
77.2978 84.4194
38.6094 132.318
56.5792 86.5842
14.1361 149.951
22.5162 162.219
54.4298 92.6843
102.969 51.6798
60.5667 99.8279
65.5834 77.6165
97.2723 45.4856
74.8727 68.028
90.4943 60.2191
154.292 7.86145
124.799 33.1893
64.1593 85.7027
11.7365 153.445
22.0861 158.262
48.2071 124.27
133.223 22.863
10.2444 176.76
56.5833 89.9031
27.9639 126.429
74.6007 72.1154
86.4096 69.5033
159.585 9.43998
105.262 45.4774
86.1144 60.6437
150.681 19.4536
16.7199 150.353
52.5232 108.468
35.9557 136.047
81.7175 64.6809
149.652 11.8355
50.664 121.649
102.331 58.9361
87.8931 54.851
10.3018 151.206
107.871 38.0955
71.1322 80.4188
73.6946 71.0806
77.2978 84.4194
38.6094 132.318
56.5792 86.5842
14.1361 149.951
22.5162 162.219
54.4298 92.6843
102.969 51.6798
60.5667 99.8279
65.5834 77.6165
97.2723 45.4856
74.8727 68.028
90.4943 60.2191
154.292 7.86145
124.799 33.1893
64.1593 85.7027
11.7365 153.445
22.0861 158.262
48.2071 124.27
133.223 22.863
10.2444 176.76
56.5833 89.9031
27.9639 126.429
74.6007 72.1154
86.4096 69.5033
159.585 9.43998
105.262 45.4774
86.1144 60.6437
150.681 19.4536
16.7199 150.353
52.5232 108.468
35.9557 136.047
81.7175 64.6809
149.652 11.8355
50.664 121.649
102.331 58.9361
87.8931 54.851
10.3018 151.206
107.871 38.0955
71.1322 80.4188
73.6946 71.0806
77.2978 84.4194
38.6094 132.318
56.5792 86.5842
14.1361 149.951
22.5162 162.219
54.4298 92.6843
102.969 51.6798
60.5667 99.8279
65.5834 77.6165
97.2723 45.4856
74.8727 68.028
90.4943 60.2191
154.292 7.86145
124.799 33.1893
64.1593 85.7027
11.7365 153.445
22.0861 158.262
48.2071 124.27
133.223 22.863
10.2444 176.76
56.5833 89.9031
27.9639 126.429
74.6007 72.1154
86.4096 69.5033
159.585 9.43998
105.262 45.4774
86.1144 60.6437
150.681 19.4536
16.7199 150.353
52.5232 108.468
35.9557 136.047
81.7175 64.6809
149.652 11.8355
50.664 121.649
102.331 58.9361
87.8931 54.851
10.3018 151.206
107.871 38.0955
71.1322 80.4188
73.6946 71.0806
77.2978 84.4194
38.6094 132.318
56.5792 86.5842
14.1361 149.951
22.5162 162.219
54.4298 92.6843
102.969 51.6798
60.5667 99.8279
65.5834 77.6165
97.2723 45.4856
74.8727 68.028
90.4943 60.2191
154.292 7.86145
124.799 33.1893
64.1593 85.7027
11.7365 153.445
22.0861 158.262
48.2071 124.27
133.223 22.863
10.2444 176.76
56.5833 89.9031
27.9639 126.429
74.6007 72.1154
86.4096 69.5033
159.585 9.43998
105.262 45.4774
86.1144 60.6437
150.681 19.4536
16.7199 150.353
52.5232 108.468
35.9557 136.047
81.7175 64.6809
149.652 11.8355
50.664 121.649
102.331 58.9361
87.8931 54.851
10.3018 151.206
107.871 38.0955
71.1322 80.4188
73.6946 71.0806
77.2978 84.4194
38.6094 132.318
56.5792 86.5842
14.1361 149.951
22.5162 162.219
54.4298 92.6843
102.969 51.6798
60.5667 99.8279
65.5834 77.6165
97.2723 45.4856
74.8727 68.028
90.4943 60.2191
154.292 7.86145
124.799 33.1893
64.1593 85.7027
11.7365 153.445
22.0861 158.262
48.2071 124.27
133.223 22.863
10.2444 176.76
56.5833 89.9031
27.9639 126.429
74.6007 72.1154
86.4096 69.5033
159.585 9.43998
105.262 45.4774
86.1144 60.6437
150.681 19.4536
16.7199 150.353
52.5232 108.468
35.9557 136.047
81.7175 64.6809
149.652 11.8355
50.664 121.649
102.331 58.9361
87.8931 54.851
10.3018 151.206
107.871 38.0955
71.1322 80.4188
73.6946 71.0806
77.2978 84.4194
38.6094 132.318
56.5792 86.5842
14.1361 149.951
22.5162 162.219
54.4298 92.6843
102.969 51.6798
60.5667 99.8279
65.5834 77.6165
97.2723 45.4856
74.8727 68.028
90.4943 60.2191
154.292 7.86145
124.799 33.1893
64.1593 85.7027
11.7365 153.445
22.0861 158.262
48.2071 124.27
133.223 22.863
10.2444 176.76
56.5833 89.9031
27.9639 126.429
74.6007 72.1154
86.4096 69.5033
159.585 9.43998
105.262 45.4774
86.1144 60.6437
150.681 19.4536
16.7199 150.353
52.5232 108.468
35.9557 136.047
81.7175 64.6809
149.652 11.8355
50.664 121.649
102.331 58.9361
87.8931 54.851
10.3018 151.206
107.871 38.0955
71.1322 80.4188
73.6946 71.0806
77.2978 84.4194
38.6094 132.318
56.5792 86.5842
14.1361 149.951
22.5162 162.219
54.4298 92.6843
102.969 51.6798
60.5667 99.8279
65.5834 77.6165
97.2723 45.4856
74.8727 68.028
90.4943 60.2191
154.292 7.86145
124.799 33.1893
64.1593 85.7027
11.7365 153.445
22.0861 158.262
48.2071 124.27
133.223 22.863
10.2444 176.76
56.5833 89.9031
27.9639 126.429
74.6007 72.1154
86.4096 69.5033
159.585 9.43998
105.262 45.4774
86.1144 60.6437
150.681 19.4536
16.7199 150.353
52.5232 108.468
35.9557 136.047
81.7175 64.6809
149.652 11.8355
50.664 121.649
102.331 58.9361
87.8931 54.851
10.3018 151.206
107.871 38.0955
71.1322 80.4188
73.6946 71.0806
77.2978 84.4194
38.6094 132.318
56.5792 86.5842
14.1361 149.951
22.5162 162.219
54.4298 92.6843
102.969 51.6798
60.5667 99.8279
65.5834 77.6165
97.2723 45.4856
74.8727 68.028
90.4943 60.2191
154.292 7.86145
124.799 33.1893
64.1593 85.7027
11.7365 153.445
22.0861 158.262
48.2071 124.27
133.223 22.863
10.2444 176.76
56.5833 89.9031
27.9639 126.429
74.6007 72.1154
86.4096 69.5033
159.585 9.43998
105.262 45.4774
86.1144 60.6437
150.681 19.4536
16.7199 150.353
52.5232 108.468
35.9557 136.047
81.7175 64.6809
149.652 11.8355
50.664 121.649
102.331 58.9361
87.8931 54.851
10.3018 151.206
107.871 38.0955
71.1322 80.4188
73.6946 71.0806
77.2978 84.4194
38.6094 132.318
56.5792 86.5842
14.1361 149.951
22.5162 162.219
54.4298 92.6843
102.969 51.6798
60.5667 99.8279
65.5834 77.6165
97.2723 45.4856
74.8727 68.028
90.4943 60.2191
154.292 7.86145
124.799 33.1893
64.1593 85.7027
11.7365 153.445
22.0861 158.262
48.2071 124.27
133.223 22.863
10.2444 176.76
56.5833 89.9031
27.9639 126.429
74.6007 72.1154
86.4096 69.5033
159.585 9.43998
105.262 45.4774
86.1144 60.6437
150.681 19.4536
16.7199 150.353
52.5232 108.468
35.9557 136.047
81.7175 64.6809
149.652 11.8355
50.664 121.649
102.331 58.9361
87.8931 54.851
10.3018 151.206
107.871 38.0955
71.1322 80.4188
73.6946 71.0806
77.2978 84.4194
38.6094 132.318
56.5792 86.5842
14.1361 149.951
22.5162 162.219
54.4298 92.6843
102.969 51.6798
60.5667 99.8279
65.5834 77.6165
97.2723 45.4856
74.8727 68.028
90.4943 60.2191
154.292 7.86145
124.799 33.1893
64.1593 85.7027
11.7365 153.445
22.0861 158.262
48.2071 124.27
133.223 22.863
10.2444 176.76
56.5833 89.9031
27.9639 126.429
74.6007 72.1154
86.4096 69.5033
159.585 9.43998
105.262 45.4774
86.1144 60.6437
150.681 19.4536
16.7199 150.353
52.5232 108.468
35.9557 136.047
81.7175 64.6809
149.652 11.8355
50.664 121.649
102.331 58.9361
87.8931 54.851
10.3018 151.206
107.871 38.0955
71.1322 80.4188
73.6946 71.0806
77.2978 84.4194
38.6094 132.318
56.5792 86.5842
14.1361 149.951
22.5162 162.219
54.4298 92.6843
102.969 51.6798
60.5667 99.8279
65.5834 77.6165
97.2723 45.4856
74.8727 68.028
90.4943 60.2191
154.292 7.86145
124.799 33.1893
64.1593 85.7027
11.7365 153.445
22.0861 158.262
48.2071 124.27
133.223 22.863
10.2444 176.76
56.5833 89.9031
27.9639 126.429
74.6007 72.1154
86.4096 69.5033
159.585 9.43998
105.262 45.4774
86.1144 60.6437
150.681 19.4536
16.7199 150.353
52.5232 108.468
35.9557 136.047
81.7175 64.6809
149.652 11.8355
50.664 121.649
102.331 58.9361
87.8931 54.851
10.3018 151.206
107.871 38.0955
71.1322 80.4188
73.6946 71.0806
77.2978 84.4194
38.6094 132.318
56.5792 86.5842
14.1361 149.951
22.5162 162.219
54.4298 92.6843
102.969 51.6798
60.5667 99.8279
65.5834 77.6165
97.2723 45.4856
74.8727 68.028
90.4943 60.2191
154.292 7.86145
124.799 33.1893
64.1593 85.7027
11.7365 153.445
22.0861 158.262
48.2071 124.27
133.223 22.863
10.2444 176.76
56.5833 89.9031
27.9639 126.429
74.6007 72.1154
86.4096 69.5033
159.585 9.43998
105.262 45.4774
86.1144 60.6437
150.681 19.4536
16.7199 150.353
52.5232 108.468
35.9557 136.047
81.7175 64.6809
149.652 11.8355
50.664 121.649
102.331 58.9361
87.8931 54.851
10.3018 151.206
107.871 38.0955
71.1322 80.4188
73.6946 71.0806
77.2978 84.4194
38.6094 132.318
56.5792 86.5842
14.1361 149.951
22.5162 162.219
54.4298 92.6843
102.969 51.6798
60.5667 99.8279
65.5834 77.6165
97.2723 45.4856
74.8727 68.028
90.4943 60.2191
154.292 7.86145
124.799 33.1893
64.1593 85.7027
11.7365 153.445
22.0861 158.262
48.2071 124.27
133.223 22.863
10.2444 176.76
56.5833 89.9031
27.9639 126.429
74.6007 72.1154
86.4096 69.5033
159.585 9.43998
105.262 45.4774
86.1144 60.6437
150.681 19.4536
16.7199 150.353
52.5232 108.468
35.9557 136.047
81.7175 64.6809
149.652 11.8355
50.664 121.649
102.331 58.9361
87.8931 54.851
10.3018 151.206
107.871 38.0955
71.1322 80.4188
73.6946 71.0806
77.2978 84.4194
38.6094 132.318
56.5792 86.5842
14.1361 149.951
22.5162 162.219
54.4298 92.6843
102.969 51.6798
60.5667 99.8279
65.5834 77.6165
97.2723 45.4856
74.8727 68.028
90.4943 60.2191
154.292 7.86145
124.799 33.1893
64.1593 85.7027
11.7365 153.445
22.0861 158.262
48.2071 124.27
133.223 22.863
10.2444 176.76
56.5833 89.9031
27.9639 126.429
74.6007 72.1154
86.4096 69.5033
159.585 9.43998
105.262 45.4774
86.1144 60.6437
150.681 19.4536
16.7199 150.353
52.5232 108.468
35.9557 136.047
81.7175 64.6809
149.652 11.8355
50.664 121.649
102.331 58.9361
87.8931 54.851
10.3018 151.206
107.871 38.0955
71.1322 80.4188
73.6946 71.0806
77.2978 84.4194
38.6094 132.318
56.5792 86.5842
14.1361 149.951
22.5162 162.219
54.4298 92.6843
102.969 51.6798
60.5667 99.8279
65.5834 77.6165
97.2723 45.4856
74.8727 68.028
90.4943 60.2191
154.292 7.86145
124.799 33.1893
64.1593 85.7027
11.7365 153.445
22.0861 158.262
48.2071 124.27
133.223 22.863
10.2444 176.76
56.5833 89.9031
27.9639 126.429
74.6007 72.1154
86.4096 69.5033
159.585 9.43998
105.262 45.4774
86.1144 60.6437
150.681 19.4536
16.7199 150.353
52.5232 108.468
35.9557 136.047
81.7175 64.6809
149.652 11.8355
50.664 121.649
102.331 58.9361
87.8931 54.851
10.3018 151.206
107.871 38.0955
71.1322 80.4188
73.6946 71.0806
77.2978 84.4194
38.6094 132.318
56.5792 86.5842
14.1361 149.951
22.5162 162.219
54.4298 92.6843
102.969 51.6798
60.5667 99.8279
65.5834 77.6165
97.2723 45.4856
74.8727 68.028
90.4943 60.2191
154.292 7.86145
124.799 33.1893
64.1593 85.7027
11.7365 153.445
22.0861 158.262
48.2071 124.27
133.223 22.863
10.2444 176.76
56.5833 89.9031
27.9639 126.429
74.6007 72.1154
86.4096 69.5033
159.585 9.43998
105.262 45.4774
86.1144 60.6437
150.681 19.4536
16.7199 150.353
52.5232 108.468
35.9557 136.047
81.7175 64.6809
149.652 11.8355
50.664 121.649
102.331 58.9361
87.8931 54.851
10.3018 151.206
107.871 38.0955
71.1322 80.4188
73.6946 71.0806
77.2978 84.4194
38.6094 132.318
56.5792 86.5842
14.1361 149.951
22.5162 162.219
54.4298 92.6843
102.969 51.6798
60.5667 99.8279
65.5834 77.6165
97.2723 45.4856
74.8727 68.028
90.4943 60.2191
154.292 7.86145
124.799 33.1893
64.1593 85.7027
11.7365 153.445
22.0861 158.262
48.2071 124.27
133.223 22.863
10.2444 176.76
56.5833 89.9031
27.9639 126.429
74.6007 72.1154
86.4096 69.5033
159.585 9.43998
105.262 45.4774
86.1144 60.6437
150.681 19.4536
16.7199 150.353
52.5232 108.468
35.9557 136.047
81.7175 64.6809
149.652 11.8355
50.664 121.649
102.331 58.9361
87.8931 54.851
10.3018 151.206
107.871 38.0955
71.1322 80.4188
73.6946 71.0806
77.2978 84.4194
38.6094 132.318
56.5792 86.5842
14.1361 149.951
22.5162 162.219
54.4298 92.6843
102.969 51.6798
60.5667 99.8279
65.5834 77.6165
97.2723 45.4856
74.8727 68.028
90.4943 60.2191
154.292 7.86145
124.799 33.1893
64.1593 85.7027
11.7365 153.445
22.0861 158.262
48.2071 124.27
133.223 22.863
10.2444 176.76
56.5833 89.9031
27.9639 126.429
74.6007 72.1154
86.4096 69.5033
159.585 9.43998
105.262 45.4774
86.1144 60.6437
150.681 19.4536
16.7199 150.353
52.5232 108.468
35.9557 136.047
81.7175 64.6809
149.652 11.8355
50.664 121.649
102.331 58.9361
87.8931 54.851
10.3018 151.206
107.871 38.0955
71.1322 80.4188
73.6946 71.0806
77.2978 84.4194
38.6094 132.318
56.5792 86.5842
14.1361 149.951
22.5162 162.219
54.4298 92.6843
102.969 51.6798
60.5667 99.8279
65.5834 77.6165
97.2723 45.4856
74.8727 68.028
90.4943 60.2191
154.292 7.86145
124.799 33.1893
64.1593 85.7027
11.7365 153.445
22.0861 158.262
48.2071 124.27
133.223 22.863
10.2444 176.76
56.5833 89.9031
27.9639 126.429
74.6007 72.1154
86.4096 69.5033
159.585 9.43998
105.262 45.4774
86.1144 60.6437
150.681 19.4536
16.7199 150.353
52.5232 108.468
35.9557 136.047
81.7175 64.6809
149.652 11.8355
50.664 121.649
102.331 58.9361
87.8931 54.851
10.3018 151.206
107.871 38.0955
71.1322 80.4188
73.6946 71.0806
77.2978 84.4194
38.6094 132.318
56.5792 86.5842
14.1361 149.951
22.5162 162.219
54.4298 92.6843
102.969 51.6798
60.5667 99.8279
65.5834 77.6165
97.2723 45.4856
74.8727 68.028
90.4943 60.2191
154.292 7.86145
124.799 33.1893
64.1593 85.7027
11.7365 153.445
22.0861 158.262
48.2071 124.27
133.223 22.863
10.2444 176.76
56.5833 89.9031
27.9639 126.429
74.6007 72.1154
86.4096 69.5033
159.585 9.43998
105.262 45.4774
86.1144 60.6437
87.6635 66.9082
101.872 45.757
86.431 68.4381
103.42 46.8685
43.6589 108.881
97.7735 57.5053
92.2745 57.2454
45.0379 101.337
76.7989 73.3643
173.147 2.28582
51.8601 116.011
167.271 2.24301
159.867 11.3342
119.492 35.123
67.8426 94.5265
5.5436 162.812
58.1207 103.747
107.357 48.3445
85.5428 56.1994
106.827 44.0685
53.306 97.7728
81.3914 77.9625
17.296 149.425
79.9356 68.8033
69.7212 79.493
75.2189 70.017
56.9692 111.102
162.376 4.9864
93.4955 50.3524
85.5049 69.7107
47.1794 103.44
109.757 54.2158
109.981 53.5943
24.8356 153.765
165.035 3.09847
87.2747 57.7381
94.2648 50.9962
85.9894 69.26
27.44 150.362
68.1424 81.9102
150.681 19.4536
16.7199 150.353
52.5232 108.468
35.9557 136.047
81.7175 64.6809
149.652 11.8355
50.664 121.649
102.331 58.9361
87.8931 54.851
10.3018 151.206
107.871 38.0955
71.1322 80.4188
73.6946 71.0806
77.2978 84.4194
38.6094 132.318
56.5792 86.5842
14.1361 149.951
22.5162 162.219
54.4298 92.6843
102.969 51.6798
60.5667 99.8279
65.5834 77.6165
97.2723 45.4856
74.8727 68.028
90.4943 60.2191
154.292 7.86145
124.799 33.1893
64.1593 85.7027
11.7365 153.445
22.0861 158.262
48.2071 124.27
133.223 22.863
10.2444 176.76
56.5833 89.9031
27.9639 126.429
74.6007 72.1154
86.4096 69.5033
159.585 9.43998
105.262 45.4774
86.1144 60.6437
87.6635 66.9082
101.872 45.757
86.431 68.4381
103.42 46.8685
43.6589 108.881
97.7735 57.5053
92.2745 57.2454
45.0379 101.337
76.7989 73.3643
173.147 2.28582
51.8601 116.011
167.271 2.24301
159.867 11.3342
119.492 35.123
67.8426 94.5265
5.5436 162.812
58.1207 103.747
107.357 48.3445
85.5428 56.1994
106.827 44.0685
53.306 97.7728
81.3914 77.9625
17.296 149.425
79.9356 68.8033
69.7212 79.493
75.2189 70.017
56.9692 111.102
162.376 4.9864
93.4955 50.3524
85.5049 69.7107
47.1794 103.44
109.757 54.2158
109.981 53.5943
24.8356 153.765
165.035 3.09847
87.2747 57.7381
94.2648 50.9962
85.9894 69.26
27.44 150.362
68.1424 81.9102
