34.188 30.3788 0 32.2834
0.0577199 16.9787 1 8.5182
2.1247 3.76508 2 2.94489
60.4174 61.514 3 60.9657
59.5139 6.70605 4 33.11
0 0 5 0
0 0 6 0
0.675301 49.8277 7 25.2515
1.96173 5.46644 8 3.71409
66.9236 65.8287 9 66.3762
61.6512 5.97475 10 33.813
62.4707 65.6823 11 64.0765
56.3311 50.8211 12 53.5761
68.9936 1.75448 13 35.374
0 0 14 0
6.23412 4.55292 15 5.39352
0 0 16 0
58.7235 70.6512 17 64.6873
64.514 0.121062 18 32.3175
50.5599 6.59295 19 28.5764
0.844255 29.8255 20 15.3349
0 0 21 0
43.0816 5.18581 22 24.1337
4.05361 58.3013 23 31.1775
65.3003 54.9428 24 60.1216
8.9964 0.522697 25 4.75955
0 0 26 0
0 0 27 0
29.7248 65.0215 28 47.3732
1.52837 52.9079 29 27.2181
55.1177 51.1619 30 53.1398
69.7512 54.556 31 62.1536
66.6439 10.2439 32 38.4439
34.7657 2.7536 33 18.7597
65.9348 58.3039 34 62.1194
42.3036 35.6384 35 38.971
24.6795 63.7121 36 44.1958
0.339131 1.13099 37 0.735059
60.3624 27.2183 38 43.7904
0 0 39 0
61.231 54.6128 40 57.9219
0.778829 16.7843 41 8.78156
0 0 42 0
8.23794 2.13276 43 5.18535
23.7394 0.406686 44 12.073
43.8018 62.0086 45 52.9052
0.660717 0.929779 46 0.795248
70.0267 4.53161 47 37.2792
3.25122 6.1125 48 4.68186
1.79515 57.2861 49 29.5406
59.3463 57.0031 50 58.1747
51.2957 54.5642 51 52.93
64.4676 56.007 52 60.2373
32.2759 41.4699 53 36.8729
1.2512 7.3657 54 4.30845
66.7492 63.5742 55 65.1617
67.877 3.37855 56 35.6278
67.1548 9.51986 57 38.3373
0 0 58 0
50.1789 58.6032 59 54.391
70.232 29.9568 60 50.0944
44.0635 66.8879 61 55.4757
1.36863 3.91449 62 2.64156
37.1099 45.9583 63 41.5341
6.47551 60.5149 64 33.4952
37.6021 68.6303 65 53.1162
20.3451 64.6263 66 42.4857
57.0712 45.8886 67 51.4799
46.7411 61.9544 68 54.3477
61.8146 40.6619 69 51.2383
22.388 50.792 70 36.59
0 0 71 0
54.8773 59.0107 72 56.944
60.8678 65.5828 73 63.2253
3.54026 32.9489 74 18.2446
14.744 12.4856 75 13.6148
32.3972 49.3875 76 40.8924
46.1967 65.1048 77 55.6507
53.7873 52.1784 78 52.9829
0.759697 0.941953 79 0.850825
45.065 49.9386 80 47.5018
3.52084 4.27172 81 3.89628
58.4727 50.5454 82 54.5091
13.8817 69.706 83 41.7939
47.9844 0.864516 84 24.4245
59.2186 42.2216 85 50.7201
63.1678 45.2505 86 54.2092
64.2931 13.1676 87 38.7303
57.8905 57.0354 88 57.4629
71.0179 2.75308 89 36.8855
61.733 45.9809 90 53.8569
42.7363 42.6391 91 42.6877
54.5315 68.9366 92 61.7341
51.2821 63.1529 93 57.2175
52.1894 62.2612 94 57.2253
65.2766 47.8452 95 56.5609
55.1085 51.1532 96 53.1309
52.0515 67.5582 97 59.8048
0.0588155 3.70803 98 1.88342
7.45673 45.439 99 26.4479
47.7053 36.3269 100 42.0161
62.5604 62.5839 101 62.5721
39.8333 49.3167 102 44.575
24.6531 35.3823 103 30.0177
66.5883 45.7488 104 56.1685
49.1352 4.51756 105 26.8264
60.9423 60.4562 106 60.6993
61.7235 57.1128 107 59.4182
10.5045 8.52995 108 9.51722
4.30115 65.0663 109 34.6837
2.3042 13.3202 110 7.81219
52.5813 43.1895 111 47.8854
58.0863 57.3122 112 57.6993
66.1701 33.574 113 49.8721
53.5898 5.90154 114 29.7457
24.373 49.8292 115 37.1011
55.2731 66.0266 116 60.6498
7.79616 14.6509 117 11.2236
64.2681 47.2389 118 55.7535
42.7084 47.6023 119 45.1553
64.2766 56.8606 120 60.5686
40.611 71.7872 121 56.1991
61.0178 63.1698 122 62.0938
45.646 67.3458 123 56.4959
51.1205 54.1131 124 52.6168
47.2257 51.1365 125 49.1811
50.1194 38.6223 126 44.3708
42.3802 57.9212 127 50.1507
51.4042 58.7759 128 55.09
65.9856 49.4862 129 57.7359
11.6201 12.0277 130 11.8239
57.2237 34.3487 131 45.7862
54.8565 59.5168 132 57.1866
57.2855 6.28608 133 31.7858
57.7062 44.549 134 51.1276
64.255 58.5397 135 61.3973
67.3066 47.6665 136 57.4866
49.4101 26.7563 137 38.0832
63.65 54.6738 138 59.1619
56.2982 58.5573 139 57.4278
55.1863 31.0902 140 43.1383
64.3466 51.4107 141 57.8786
3.02464 50.2981 142 26.6614
48.2462 51.335 143 49.7906
43.2587 8.08443 144 25.6715
36.9864 52.8185 145 44.9025
38.4646 45.2119 146 41.8382
8.56676 5.34028 147 6.95352
56.7427 68.8757 148 62.8092
61.3989 55.6589 149 58.5289
31.8373 52.0501 150 41.9437
44.5316 68.5969 151 56.5643
43.3341 58.0112 152 50.6727
59.4092 54.3724 153 56.8908
24.0577 56.6508 154 40.3543
4.31871 13.9446 155 9.13164
63.403 52.7658 156 58.0844
39.013 55.8206 157 47.4168
53.7378 58.8044 158 56.2711
44.6818 64.3022 159 54.492
44.1055 54.0806 160 49.093
55.5946 62.6552 161 59.1249
50.8822 61.4758 162 56.179
65.5828 61.7424 163 63.6626
50.7698 57.8275 164 54.2986
56.343 68.2749 165 62.3089
57.5987 64.2897 166 60.9442
67.0091 9.39402 167 38.2016
30.1381 40.5965 168 35.3673
52.914 61.7259 169 57.3199
55.9491 60.1554 170 58.0523
55.151 68.2626 171 61.7068
57.1274 60.9791 172 59.0532
61.1518 54.3991 173 57.7754
63.337 39.733 174 51.535
51.3147 59.9283 175 55.6215
46.421 50.1318 176 48.2764
57.6712 39.5889 177 48.63
49.146 53.7837 178 51.4649
53.4348 51.1553 179 52.295
33.8554 54.3334 180 44.0944
55.3947 61.5614 181 58.478
65.6873 37.9667 182 51.827
58.2286 61.4162 183 59.8224
33.0763 36.2889 184 34.6826
51.8977 57.3555 185 54.6266
56.1643 59.3979 186 57.7811
51.9835 50.2808 187 51.1322
55.3611 56.9171 188 56.1391
62.4122 56.3927 189 59.4025
41.279 62.1944 190 51.7367
66.4184 44.5911 191 55.5047
9.99503 49.979 192 29.987
69.1641 60.9314 193 65.0477
45.1745 37.693 194 41.4338
62.7206 49.6972 195 56.2089
44.5088 55.8526 196 50.1807
59.7629 47.9487 197 53.8558
54.8883 55.7571 198 55.3227
53.3576 42.0362 199 47.6969
51.5207 50.3054 200 50.9131
49.0695 52.1664 201 50.6179
53.7422 25.7852 202 39.7637
28.8691 51.9347 203 40.4019
59.5145 48.1596 204 53.837
47.7962 60.3511 205 54.0736
61.4965 54.6116 206 58.0541
24.829 39.3353 207 32.0822
65.2991 52.2721 208 58.7856
58.0447 37.4404 209 47.7426
62.6718 58.944 210 60.8079
56.1214 51.9458 211 54.0336
40.4471 40.6675 212 40.5573
13.2725 63.0254 213 38.149
35.6595 13.6458 214 24.6526
52.9342 53.113 215 53.0236
41.477 57.7079 216 49.5924
35.6537 53.3785 217 44.5161
43.7064 43.4267 218 43.5665
57.4744 43.6539 219 50.5641
59.2359 58.6032 220 58.9196
56.5004 57.812 221 57.1562
29.7951 35.0107 222 32.4029
44.3375 38.8218 223 41.5797
39.4707 47.433 224 43.4518
56.8544 49.2682 225 53.0613
60.6316 43.5959 226 52.1137
56.422 53.5268 227 54.9744
57.7504 50.822 228 54.2862
66.0834 42.317 229 54.2002
51.0503 54.8517 230 52.951
49.4068 56.7414 231 53.0741
54.7228 58.8161 232 56.7694
40.1662 54.4803 233 47.3232
48.5829 52.1245 234 50.3537
46.6486 58.0114 235 52.33
51.299 43.6827 236 47.4908
59.6682 45.6784 237 52.6733
57.3109 49.6853 238 53.4981
52.6029 55.7784 239 54.1907
52.6557 58.1713 240 55.4135
45.2575 67.641 241 56.4492
55.7976 57.1075 242 56.4525
38.2841 61.2531 243 49.7686
57.1664 51.365 244 54.2657
42.5291 52.5027 245 47.5159
56.4864 49.5989 246 53.0427
42.6291 57.5565 247 50.0928
60.3809 51.3289 248 55.8549
57.3604 52.9723 249 55.1664
55.8742 59.8123 250 57.8432
46.9734 58.015 251 52.4942
64.6645 48.3618 252 56.5131
54.1628 54.9758 253 54.5693
47.7079 46.7229 254 47.2154
54.3313 56.3361 255 55.3337
55.1978 58.0355 256 56.6166
43.7375 58.4123 257 51.0749
59.1695 53.2065 258 56.188
49.7144 50.1086 259 49.9115
50.6788 54.6464 260 52.6626
55.6326 57.279 261 56.4558
45.5557 27.8765 262 36.7161
47.2872 53.2639 263 50.2756
60.8322 47.5169 264 54.1745
36.8501 61.8828 265 49.3665
49.9053 47.8952 266 48.9002
40.7425 44.0926 267 42.4176
26.4767 60.3905 268 43.4336
57.4271 54.9067 269 56.1669
58.535 37.5447 270 48.0399
40.648 64.1795 271 52.4138
54.2859 59.2296 272 56.7577
17.5957 54.1455 273 35.8706
41.669 61.308 274 51.4885
53.1337 46.4941 275 49.8139
57.6335 49.7892 276 53.7113
49.6041 39.4222 277 44.5132
26.6598 38.5927 278 32.6262
54.2409 50.5926 279 52.4168
58.1528 52.6642 280 55.4085
52.0267 46.9543 281 49.4905
44.6879 61.8052 282 53.2465
47.1403 58.1903 283 52.6653
57.4816 55.6578 284 56.5697
55.7534 43.7805 285 49.767
40.5915 58.6389 286 49.6152
54.2732 56.126 287 55.1996
54.016 57.5276 288 55.7718
59.6907 46.0438 289 52.8672
50.8852 51.5646 290 51.2249
37.3416 57.7368 291 47.5392
54.7431 33.7843 292 44.2637
58.7761 52.2384 293 55.5073
59.6919 45.3143 294 52.5031
62.3739 44.101 295 53.2374
39.8112 65.7775 296 52.7943
59.8666 49.2629 297 54.5647
49.7424 45.6648 298 47.7036
51.843 55.4956 299 53.6693
58.6515 53.6333 300 56.1424
59.8791 39.8782 301 49.8787
45.3882 45.696 302 45.5421
54.3468 56.8487 303 55.5977
51.5577 58.5266 304 55.0421
51.5427 45.8531 305 48.6979
63.4787 50.9257 306 57.2022
44.4492 57.8806 307 51.1649
52.4075 52.2392 308 52.3234
43.6825 53.6651 309 48.6738
59.2921 50.6358 310 54.964
50.8296 53.8269 311 52.3283
58.9966 55.7358 312 57.3662
52.53 43.3834 313 47.9567
50.354 55.965 314 53.1595
59.3353 52.8779 315 56.1066
56.8974 51.5733 316 54.2353
35.0177 62.2075 317 48.6126
50.0717 49.9692 318 50.0204
50.4859 54.0054 319 52.2456
48.899 55.9501 320 52.4246
41.3482 52.3669 321 46.8575
47.9855 50.2293 322 49.1074
53.1961 53.524 323 53.36
47.5523 58.6057 324 53.079
52.1634 46.6446 325 49.404
47.4054 41.1733 326 44.2894
55.8821 51.4985 327 53.6903
59.3715 48.756 328 54.0638
53.9172 52.8612 329 53.3892
59.0372 50.7344 330 54.8858
41.5798 51.2146 331 46.3972
52.3419 56.1615 332 54.2517
50.1197 49.8905 333 50.0051
52.9685 50.3832 334 51.6759
54.5067 48.8958 335 51.7012
50.1518 44.3936 336 47.2727
47.4388 56.7863 337 52.1125
32.8287 46.6692 338 39.749
56.4157 46.0403 339 51.228
54.1206 42.1658 340 48.1432
51.6415 52.018 341 51.8297
56.2568 45.3789 342 50.8178
47.5219 56.8263 343 52.1741
53.6792 46.9521 344 50.3157
41.0495 49.0031 345 45.0263
53.5804 52.2465 346 52.9135
51.3908 48.9659 347 50.1783
45.1775 55.5612 348 50.3693
51.6366 51.8292 349 51.7329
48.9006 48.0032 350 48.4519
47.1451 51.7464 351 49.4458
46.8253 54.9003 352 50.8628
54.6923 49.5588 353 52.1255
45.5396 56.0373 354 50.7884
44.2374 56.9184 355 50.5779
53.9453 49.5963 356 51.7708
39.2025 40.6684 357 39.9355
52.6845 45.9473 358 49.3159
49.535 52.31 359 50.9225
40.3588 52.2119 360 46.2854
52.9102 32.1623 361 42.5363
49.6407 58.2534 362 53.9471
43.0274 47.5103 363 45.2689
46.8517 50.0961 364 48.4739
39.3869 53.9671 365 46.677
47.3606 57.0547 366 52.2077
51.7089 53.3713 367 52.5401
53.1608 43.9305 368 48.5456
47.6496 41.7761 369 44.7128
51.238 50.0631 370 50.6505
48.166 49.5143 371 48.8401
49.7783 53.4987 372 51.6385
55.8306 47.4125 373 51.6216
59.619 47.9065 374 53.7627
42.6562 50.1888 375 46.4225
48.7629 40.1997 376 44.4813
57.8963 47.7254 377 52.8108
51.673 58.8838 378 55.2784
51.1324 53.1232 379 52.1278
54.613 57.9637 380 56.2884
42.8427 50.5964 381 46.7196
50.864 48.5901 382 49.727
55.3788 46.4005 383 50.8897
54.8818 48.6362 384 51.759
54.3101 57.4491 385 55.8796
51.6546 50.3036 386 50.9791
50.1653 51.038 387 50.6017
51.8783 45.6296 388 48.754
52.7458 54.4689 389 53.6074
57.5589 51.5884 390 54.5736
53.9107 46.2164 391 50.0635
44.2875 53.9736 392 49.1306
51.29 51.9402 393 51.6151
54.6351 50.7308 394 52.6829
54.3607 53.0338 395 53.6973
48.1793 51.3476 396 49.7635
52.4925 50.5954 397 51.5439
50.1649 38.0424 398 44.1037
53.733 53.261 399 53.497
52.1304 50.5278 400 51.3291
58.1676 43.4352 401 50.8014
43.329 54.1865 402 48.7578
53.479 59.503 403 56.491
45.2606 55.9059 404 50.5832
59.0857 47.4795 405 53.2826
49.1963 57.7788 406 53.4876
55.3811 47.3097 407 51.3454
53.2982 47.2416 408 50.2699
50.7437 43.3348 409 47.0393
46.6729 54.2041 410 50.4385
54.6913 55.206 411 54.9486
52.9605 50.352 412 51.6563
51.7569 47.8893 413 49.8231
47.9689 53.2728 414 50.6209
48.9832 53.4692 415 51.2262
42.4981 53.0709 416 47.7845
55.3533 47.2637 417 51.3085
45.7329 51.9589 418 48.8459
46.5089 50.8369 419 48.6729
53.0936 47.1817 420 50.1377
50.8877 48.8042 421 49.8459
49.5564 54.887 422 52.2217
55.2431 50.2408 423 52.742
45.6835 57.9216 424 51.8025
56.8728 47.9185 425 52.3956
54.3685 50.5906 426 52.4796
53.1863 47.0627 427 50.1245
48.3402 44.3545 428 46.3473
49.0834 50.2713 429 49.6774
49.4188 59.7688 430 54.5938
51.4569 50.5019 431 50.9794
46.533 57.6811 432 52.1071
46.4442 50.1818 433 48.313
57.0994 52.1903 434 54.6449
45.8081 51.6436 435 48.7259
51.7809 50.245 436 51.0129
49.9112 48.407 437 49.1591
52.6048 51.2276 438 51.9162
50.4428 51.7512 439 51.097
48.6127 54.488 440 51.5503
50.881 54.8968 441 52.8889
45.7675 50.0559 442 47.9117
55.0261 49.8134 443 52.4198
53.0647 50.5103 444 51.7875
49.6238 47.5389 445 48.5814
52.2166 50.3383 446 51.2774
49.8551 49.7087 447 49.7819
47.8179 46.6345 448 47.2262
46.2121 51.5895 449 48.9008
41.4356 54.7343 450 48.0849
47.4656 50.4199 451 48.9428
48.8971 53.2473 452 51.0722
49.4165 49.3045 453 49.3605
50.8441 48.9246 454 49.8843
54.171 52.9709 455 53.5709
53.9406 43.9605 456 48.9506
51.5105 48.7184 457 50.1144
48.203 49.4051 458 48.8041
49.6807 45.6406 459 47.6606
53.3483 47.5043 460 50.4263
52.7034 46.7847 461 49.744
54.0084 48.0225 462 51.0155
49.5187 44.5411 463 47.0299
50.4869 52.5222 464 51.5045
50.3551 42.8946 465 46.6249
50.4843 47.9734 466 49.2289
54.1518 45.6381 467 49.895
48.8905 53.6998 468 51.2951
44.2456 55.0812 469 49.6634
44.6286 55.3527 470 49.9906
46.7675 53.1077 471 49.9376
54.6868 44.7238 472 49.7053
44.4774 55.2078 473 49.8426
47.8054 49.1111 474 48.4583
50.238 48.1121 475 49.175
52.2252 48.747 476 50.4861
51.0127 49.6352 477 50.324
49.6475 45.8946 478 47.7711
47.6093 55.8124 479 51.7108
52.8414 46.7621 480 49.8018
46.0516 41.0458 481 43.5487
54.0567 44.3957 482 49.2262
44.8245 49.6267 483 47.2256
43.0824 55.1082 484 49.0953
47.1789 49.3583 485 48.2686
51.892 49.5329 486 50.7125
54.2486 51.8207 487 53.0347
45.7498 54.1669 488 49.9583
50.4611 50.6534 489 50.5573
47.801 52.757 490 50.279
51.1552 48.6259 491 49.8905
48.2936 51.1104 492 49.702
48.6743 49.1802 493 48.9273
50.8608 49.9965 494 50.4286
50.1201 52.2542 495 51.1871
48.1845 45.136 496 46.6603
51.6588 46.3473 497 49.003
51.326 44.3473 498 47.8367
45.8846 53.3786 499 49.6316
41.2858 54.8685 500 48.0772
50.0981 44.6866 501 47.3923
55.2633 49.8419 502 52.5526
52.9236 44.9133 503 48.9185
52.8363 44.5532 504 48.6948
46.4362 54.3674 505 50.4018
46.0737 51.6801 506 48.8769
48.2513 50.4077 507 49.3295
42.0905 49.9323 508 46.0114
48.8055 45.5671 509 47.1863
45.662 53.2063 510 49.4341
51.0581 50.3119 511 50.685
52.9032 43.412 512 48.1576
51.7583 49.2054 513 50.4818
47.7921 38.3053 514 43.0487
50.104 47.6341 515 48.8691
47.2229 47.3125 516 47.2677
46.3162 47.3335 517 46.8249
42.3937 47.7862 518 45.09
52.5283 46.9071 519 49.7177
50.5148 48.0719 520 49.2933
53.5547 43.6111 521 48.5829
54.317 53.289 522 53.803
51.2256 50.0698 523 50.6477
43.9102 53.7152 524 48.8127
51.3263 51.343 525 51.3346
48.0599 51.3846 526 49.7222
52.0715 52.8011 527 52.4363
48.7644 50.2684 528 49.5164
45.7769 50.1288 529 47.9528
46.5713 49.5387 530 48.055
45.0277 53.3107 531 49.1692
50.0594 44.1948 532 47.1271
49.3653 51.0542 533 50.2097
46.8392 55.859 534 51.3491
52.2853 47.681 535 49.9832
50.8691 48.9833 536 49.9262
47.0137 52.118 537 49.5659
43.2325 51.8174 538 47.5249
43.9016 52.2324 539 48.067
42.8178 52.7214 540 47.7696
49.59 49.133 541 49.3615
47.5708 46.7121 542 47.1414
51.7746 45.9097 543 48.8421
43.7397 53.9179 544 48.8288
54.4857 44.0799 545 49.2828
47.6183 53.9267 546 50.7725
49.3183 49.5761 547 49.4472
43.7864 53.721 548 48.7537
44.0424 49.5069 549 46.7746
52.7614 42.1271 550 47.4442
51.5927 46.7897 551 49.1912
46.6737 48.7988 552 47.7362
53.0766 48.3994 553 50.738
49.7242 47.255 554 48.4896
48.9487 47.5131 555 48.2309
53.0942 48.5943 556 50.8443
43.2985 49.3558 557 46.3272
46.6809 54.473 558 50.577
45.2899 50.0172 559 47.6535
43.3482 51.5041 560 47.4261
43.1765 49.5223 561 46.3494
46.4043 44.8581 562 45.6312
50.6872 49.8906 563 50.2889
50.0674 45.4423 564 47.7548
53.1754 41.0376 565 47.1065
52.2584 38.623 566 45.4407
53.183 46.0753 567 49.6291
45.8892 46.6641 568 46.2767
44.8736 51.7982 569 48.3359
44.0822 49.0002 570 46.5412
46.2088 51.7518 571 48.9803
37.6732 49.1178 572 43.3955
54.5263 43.886 573 49.2062
52.79 43.4584 574 48.1242
49.3737 49.0909 575 49.2323
53.451 49.2244 576 51.3377
48.3993 43.3626 577 45.8809
47.7184 47.6694 578 47.6939
46.9911 45.9762 579 46.4837
48.5796 50.8737 580 49.7267
44.9169 46.7973 581 45.8571
49.3674 45.8805 582 47.6239
48.2316 47.7696 583 48.0006
51.3594 43.242 584 47.3007
47.8867 42.9858 585 45.4363
51.1594 47.3224 586 49.2409
42.148 49.9549 587 46.0514
43.7322 49.5476 588 46.6399
50.9211 45.1414 589 48.0313
44.9603 48.7333 590 46.8468
44.6534 50.4549 591 47.5541
49.7519 50.552 592 50.152
45.9087 47.1556 593 46.5322
50.351 54.0012 594 52.1761
44.9531 49.4631 595 47.2081
48.1505 52.3874 596 50.2689
50.641 42.9441 597 46.7925
42.9839 50.0081 598 46.496
44.6202 50.957 599 47.7886
49.167 49.6281 600 49.3975
43.236 47.8588 601 45.5474
46.6636 43.4538 602 45.0587
46.5743 51.31 603 48.9422
47.4562 49.0421 604 48.2492
48.4063 52.5795 605 50.4929
43.5247 50.2434 606 46.884
48.9703 46.0116 607 47.4909
47.7657 48.1224 608 47.9441
50.8188 47.9168 609 49.3678
45.8877 43.5054 610 44.6965
43.8871 50.6461 611 47.2666
42.687 46.5419 612 44.6144
53.0871 48.6111 613 50.8491
42.4874 52.0847 614 47.2861
45.6818 43.8112 615 44.7465
47.6234 49.2968 616 48.4601
42.7915 48.1186 617 45.455
46.5115 42.3946 618 44.453
45.8816 51.7444 619 48.813
37.1515 49.9861 620 43.5688
50.7967 46.1014 621 48.4491
44.9049 44.2772 622 44.591
45.4151 42.0246 623 43.7199
48.8082 40.0292 624 44.4187
47.1544 48.9102 625 48.0323
44.2033 52.0478 626 48.1255
46.027 48.8768 627 47.4519
49.7324 41.3933 628 45.5628
46.0875 46.1819 629 46.1347
48.7247 45.1122 630 46.9185
45.9963 47.7433 631 46.8698
47.4579 46.1052 632 46.7816
48.6825 43.3021 633 45.9923
52.5616 49.7637 634 51.1627
44.8528 53.1703 635 49.0115
45.2372 50.0326 636 47.6349
51.2188 44.375 637 47.7969
49.6152 39.7572 638 44.6862
47.9405 49.8374 639 48.889
46.4422 49.7719 640 48.107
49.205 47.4766 641 48.3408
50.4828 48.2692 642 49.376
50.7531 47.2459 643 48.9995
49.9168 42.8709 644 46.3938
43.105 46.9038 645 45.0044
45.6307 47.016 646 46.3234
47.0396 45.1803 647 46.1099
50.622 44.5277 648 47.5748
48.6884 45.843 649 47.2657
50.2502 43.262 650 46.7561
47.9452 46.6308 651 47.288
46.3875 51.537 652 48.9623
46.1088 45.3981 653 45.7535
47.2216 45.0243 654 46.123
40.2792 52.1476 655 46.2134
48.1292 39.7283 656 43.9288
50.7688 42.649 657 46.7089
46.6637 47.2069 658 46.9353
45.837 44.1584 659 44.9977
45.8164 52.9763 660 49.3964
41.1269 46.1739 661 43.6504
46.0013 47.2707 662 46.636
46.2003 46.7959 663 46.4981
48.7546 46.6075 664 47.6811
42.2493 53.74 665 47.9946
49.204 43.0871 666 46.1456
44.7726 47.6112 667 46.1919
45.2921 49.5876 668 47.4399
46.2127 46.0511 669 46.1319
38.3222 47.4373 670 42.8797
44.6904 45.2744 671 44.9824
51.1295 45.9131 672 48.5213
43.19 52.3116 673 47.7508
50.4243 40.9786 674 45.7014
46.6444 43.4374 675 45.0409
41.629 50.7102 676 46.1696
46.2192 43.9781 677 45.0987
46.2005 45.0464 678 45.6235
47.3358 46.4122 679 46.874
47.705 47.1368 680 47.4209
43.6742 46.6028 681 45.1385
45.0815 41.8439 682 43.4627
44.8825 42.3804 683 43.6315
45.6773 45.4438 684 45.5606
47.2744 48.3862 685 47.8303
45.2161 48.9539 686 47.085
46.6862 45.2276 687 45.9569
49.4984 49.9083 688 49.7034
46.7453 48.3655 689 47.5554
45.4741 45.7222 690 45.5982
43.7366 48.5336 691 46.1351
47.5087 43.8784 692 45.6936
50.5396 45.5968 693 48.0682
46.2309 42.4981 694 44.3645
51.6968 46.1991 695 48.948
46.4121 44.5884 696 45.5002
43.1747 46.8439 697 45.0093
48.5911 44.994 698 46.7925
49.0133 43.465 699 46.2392
47.4152 44.2901 700 45.8526
44.0102 51.0163 701 47.5132
43.1689 42.4746 702 42.8218
42.649 47.7992 703 45.2241
49.3013 42.3553 704 45.8283
44.6504 40.0153 705 42.3328
40.1665 48.5187 706 44.3426
47.568 47.576 707 47.572
48.3843 39.8105 708 44.0974
50.0354 41.1643 709 45.5998
47.0595 47.7824 710 47.4209
43.92 44.8561 711 44.388
44.7075 46.361 712 45.5342
43.734 45.2409 713 44.4875
45.2415 46.0558 714 45.6487
44.0337 45.9391 715 44.9864
45.7537 42.0384 716 43.896
48.5029 44.2227 717 46.3628
42.3072 43.946 718 43.1266
43.0342 45.3311 719 44.1826
38.8273 52.3896 720 45.6084
46.1049 46.3199 721 46.2124
46.56 38.9814 722 42.7707
45.149 50.0817 723 47.6154
48.9017 36.9883 724 42.945
49.2862 44.6988 725 46.9925
47.9452 44.3566 726 46.1509
52.6593 49.0823 727 50.8708
38.9335 46.9604 728 42.9469
42.2158 41.6956 729 41.9557
44.8032 46.6635 730 45.7334
48.8365 43.8002 731 46.3183
46.4947 45.4564 732 45.9755
47.7481 44.2519 733 46
48.5863 48.1216 734 48.354
49.6657 43.1593 735 46.4125
47.5416 45.2756 736 46.4086
46.8974 43.8939 737 45.3957
48.8307 46.9578 738 47.8942
47.8305 42.8188 739 45.3246
45.3578 49.2249 740 47.2913
50.6638 50.5408 741 50.6023
43.0547 49.1827 742 46.1187
46.2845 41.8094 743 44.0469
40.5338 47.7961 744 44.1649
46.3875 42.6789 745 44.5332
45.5344 40 746 42.7672
45.5673 45.5324 747 45.5499
41.1855 40.6476 748 40.9165
42.3603 48.9038 749 45.6321
39.0889 42.0302 750 40.5596
45.6372 39.8654 751 42.7513
41.1756 45.1577 752 43.1667
50.153 42.6524 753 46.4027
43.1598 45.459 754 44.3094
38.7108 44.4221 755 41.5664
37.552 41.8941 756 39.7231
44.887 42.5794 757 43.7332
43.9724 48.0595 758 46.0159
47.6297 42.6205 759 45.1251
47.4302 42.7123 760 45.0712
45.078 49.5521 761 47.315
44.7359 41.6857 762 43.2108
43.7767 42.7295 763 43.2531
44.1215 42.1626 764 43.1421
44.552 45.238 765 44.895
44.8713 44.9807 766 44.926
42.3018 44.6616 767 43.4817
44.9918 44.9961 768 44.994
48.0402 46.4446 769 47.2424
48.1698 48.3504 770 48.2601
47.0904 43.4495 771 45.2699
44.2542 39.8544 772 42.0543
45.0475 51.201 773 48.1243
46.9905 48.8434 774 47.9169
43.1788 45.3206 775 44.2497
49.4111 45.9156 776 47.6633
43.3669 46.1795 777 44.7732
49.9934 40.0195 778 45.0064
44.2556 45.8408 779 45.0482
44.6141 47.8464 780 46.2302
49.4663 41.7869 781 45.6266
46.125 45.5257 782 45.8254
44.4646 48.4728 783 46.4687
42.8748 47.4949 784 45.1848
44.2575 50.9776 785 47.6175
38.1095 42.4265 786 40.268
46.3915 44.2802 787 45.3359
42.7779 45.6705 788 44.2242
47.959 43.8181 789 45.8885
48.1392 42.1157 790 45.1275
46.5788 45.1077 791 45.8433
44.0536 51.6014 792 47.8275
43.717 45.5964 793 44.6567
45.5813 46.3304 794 45.9558
42.4631 43.2337 795 42.8484
48.4193 43.9128 796 46.1661
48.5833 47.6508 797 48.117
46.6724 44.2947 798 45.4835
41.7066 45.0055 799 43.356
44.2615 45.4767 800 44.8691
49.4708 44.8557 801 47.1633
43.551 45.2097 802 44.3803
42.8132 44.9724 803 43.8928
39.7262 39.5508 804 39.6385
47.5381 51.2111 805 49.3746
43.4216 46.466 806 44.9438
45.2216 40.6292 807 42.9254
46.5522 43.5856 808 45.0689
43.0016 45.5507 809 44.2762
43.9382 45.1617 810 44.55
48.297 48.9402 811 48.6186
45.7504 45.7328 812 45.7416
48.4864 45.0172 813 46.7518
41.6736 48.5026 814 45.0881
38.6597 42.8977 815 40.7787
47.5748 45.2423 816 46.4085
45.5671 44.298 817 44.9326
45.5913 44.8202 818 45.2058
48.8603 36.4532 819 42.6568
44.4677 39.184 820 41.8259
45.1283 48.2299 821 46.6791
44.6813 42.3929 822 43.5371
45.1409 42.5098 823 43.8253
41.8887 46.922 824 44.4053
44.5055 51.6413 825 48.0734
37.9615 48.7917 826 43.3766
40.1358 52.365 827 46.2504
46.1791 41.2983 828 43.7387
46.6376 38.3473 829 42.4924
41.8981 44.6853 830 43.2917
41.0501 39.0809 831 40.0655
43.5 48.9898 832 46.2449
46.4423 40.0701 833 43.2562
48.6707 41.831 834 45.2509
38.567 46.0167 835 42.2919
45.8891 43.2034 836 44.5463
40.4702 40.1106 837 40.2904
42.7627 44.7521 838 43.7574
46.2567 49.3985 839 47.8276
49.9199 41.6111 840 45.7655
37.4447 46.1507 841 41.7977
48.2271 44.4042 842 46.3156
45.4215 47.0358 843 46.2286
45.0064 37.3263 844 41.1664
49.0344 52.0101 845 50.5222
47.6153 47.9215 846 47.7684
44.3194 43.9118 847 44.1156
48.7484 47.2716 848 48.01
36.3564 47.7021 849 42.0292
48.3795 40.9611 850 44.6703
52.5033 37.0228 851 44.763
50.4491 36.9175 852 43.6833
48.9593 41.5204 853 45.2399
43.3554 44.491 854 43.9232
46.6646 43.7104 855 45.1875
46.3475 44.6647 856 45.5061
46.5232 44.7319 857 45.6275
43.1491 48.6244 858 45.8867
46.5716 51.8352 859 49.2034
45.7201 46.1804 860 45.9502
45.536 44.2522 861 44.8941
47.9264 44.0714 862 45.9989
47.4762 47.084 863 47.2801
50.4925 46.1073 864 48.2999
41.5884 50.0973 865 45.8429
44.1739 44.4046 866 44.2892
38.2518 47.9126 867 43.0822
44.9278 41.8822 868 43.405
49.6769 52.2949 869 50.9859
46.8366 48.8408 870 47.8387
44.126 45.0392 871 44.5826
48.5312 43.3492 872 45.9402
44.5512 44.8232 873 44.6872
43.4085 47.249 874 45.3288
38.9994 51.6067 875 45.303
44.6193 45.4382 876 45.0287
43.4252 45.5981 877 44.5117
39.5684 52.0124 878 45.7904
43.895 44.7428 879 44.3189
40.3399 47.477 880 43.9084
44.2144 43.6184 881 43.9164
49.0677 41.4979 882 45.2828
51.6149 41.6768 883 46.6458
46.2495 44.4668 884 45.3581
47.6744 45.0079 885 46.3412
48.1811 45.89 886 47.0356
37.1505 47.5719 887 42.3612
39.7626 48.8861 888 44.3244
47.8869 49.7471 889 48.817
46.6259 49.9584 890 48.2921
39.3413 48.3018 891 43.8215
46.9833 48.1988 892 47.591
48.7257 43.6229 893 46.1743
45.8065 44.5278 894 45.1672
44.3314 47.244 895 45.7877
43.7967 48.0154 896 45.906
40.7737 50.2398 897 45.5067
43.3426 44.4102 898 43.8764
45.7841 48.8566 899 47.3204
50.774 36.9766 900 43.8753
42.4236 41.4412 901 41.9324
45.2831 45.408 902 45.3456
47.1732 44.0215 903 45.5973
35.4043 41.5535 904 38.4789
44.9132 44.6107 905 44.762
44.1226 46.598 906 45.3603
45.141 46.7577 907 45.9494
43.3485 40.9925 908 42.1705
48.0323 44.9841 909 46.5082
40.3559 50.2627 910 45.3093
50.4979 50.2345 911 50.3662
42.6548 45.6085 912 44.1316
47.1 47.5358 913 47.3179
43.5473 47.6765 914 45.6119
39.3619 46.5859 915 42.9739
49.0699 46.0896 916 47.5797
50.654 43.9249 917 47.2894
43.8563 49.314 918 46.5852
50.5278 43.6243 919 47.076
45.3112 52.6348 920 48.973
48.7127 43.079 921 45.8959
46.0881 46.7586 922 46.4233
51.8203 39.8887 923 45.8545
41.9659 48.1624 924 45.0641
46.4566 49.6432 925 48.0499
39.9807 51.4097 926 45.6952
49.5247 44.7144 927 47.1196
47.8347 44.3123 928 46.0735
47.4854 46.2249 929 46.8552
45.8651 41.9493 930 43.9072
51.3626 49.5998 931 50.4812
39.3574 52.5833 932 45.9703
44.2774 46.2979 933 45.2877
50.3939 46.0711 934 48.2325
54.9727 47.2184 935 51.0955
51.5461 47.4594 936 49.5028
43.996 46.5352 937 45.2656
55.4147 49.7464 938 52.5805
51.6723 44.5394 939 48.1059
46.1812 49.4053 940 47.7932
48.6367 52.9165 941 50.7766
43.2056 47.1919 942 45.1988
47.1739 48.1459 943 47.6599
42.0739 47.0649 944 44.5694
50.5639 42.0175 945 46.2907
40.9451 50.954 946 45.9495
48.1698 39.3747 947 43.7722
50.4391 48.814 948 49.6265
43.6195 47.4555 949 45.5375
43.8661 46.3105 950 45.0883
46.0996 50.1501 951 48.1248
49.0253 54.4664 952 51.7459
37.7374 46.0481 953 41.8928
46.5401 50.8484 954 48.6943
48.7133 51.086 955 49.8997
45.9551 51.3855 956 48.6703
50.5526 35.0805 957 42.8165
50.6713 49.5919 958 50.1316
47.439 48.5546 959 47.9968
48.6102 42.6962 960 45.6532
52.1607 44.9705 961 48.5656
49.7601 47.1619 962 48.461
45.4909 41.062 963 43.2764
51.0983 50.039 964 50.5686
41.17 50.9 965 46.035
54.2556 45.1631 966 49.7093
49.5069 42.8091 967 46.158
48.6575 50.0062 968 49.3319
40.9332 52.9764 969 46.9548
43.7725 43.6179 970 43.6952
46.3009 45.7904 971 46.0456
48.6356 41.5334 972 45.0845
43.1072 49.8257 973 46.4664
49.69 47.1394 974 48.4147
48.2024 46.6005 975 47.4014
47.8956 50.1824 976 49.039
44.7732 47.3452 977 46.0592
48.771 46.2513 978 47.5112
47.9302 48.4002 979 48.1652
51.4216 46.0571 980 48.7394
47.0809 46.6526 981 46.8667
45.004 49.5576 982 47.2808
48.9265 51.1853 983 50.0559
43.8194 42.4404 984 43.1299
44.9017 44.8549 985 44.8783
44.7919 47.3911 986 46.0915
48.544 50.4135 987 49.4788
43.3481 47.3338 988 45.341
46.0445 46.0561 989 46.0503
44.1842 54.5959 990 49.3901
48.1463 48.6504 991 48.3983
52.4187 40.3563 992 46.3875
48.3141 47.8551 993 48.0846
49.5508 40.8079 994 45.1793
38.834 47.2817 995 43.0579
44.4207 48.7924 996 46.6065
52.3185 48.2548 997 50.2867
47.5021 47.1931 998 47.3476
50.2537 38.722 999 44.4878
