85 21 20 46.2224
91 21 20.2 44.9017
90 21 20.4 44.4622
88 21 20.6 45.4213
92 21 20.8 45.1944
86 21 21 44.8851
88 21 21.2 45.7652
92 21 21.4 43.1955
92 21 21.6 42.7857
93 21 21.8 45.9553
92 21 22 44.8054
95 21 22.2 45.517
89 21 22.4 44.9372
95 21 22.6 44.8192
89 21 22.8 44.5016
93 21 23 44.8614
91 21 23.2 45.543
90 21 23.4 46.1834
91 21 23.6 44.8096
91 21 23.8 45.2584
92 21 24 45.1653
88 21 24.2 45.3742
91 21 24.4 42.8761
92 21 24.6 46.3531
92 21 24.8 44.867
92 21 25 44.2549
94 21 25.2 46.4881
97 21 25.4 45.8134
88 21 25.6 44.9324
97 21 25.8 46.1668
89 21 26 45.1123
97 21 26.2 44.5701
94 21 26.4 44.8116
94 21 26.6 44.9967
97 21 26.8 43.8946
92 21 27 45.9971
96 21 27.2 46.5321
94 21 27.4 44.1114
89 21 27.6 44.4275
93 21 27.8 44.9027
92 21 28 43.3235
94 21 28.2 44.8806
96 21 28.4 44.7958
97 21 28.6 46.0363
94 21 28.8 45.5339
91 21 29 43.2448
96 21 29.2 44.668
92 21 29.4 44.7223
95 21 29.6 44.7441
95 21 29.8 44.5701
95 21 30 45.1054
87 21 30.2 43.9718
96 21 30.4 43.8585
94 21 30.6 44.656
94 21 30.8 43.9814
94 21 31 44.8656
93 21 31.2 44.9063
90 21 31.4 43.7793
94 21 31.6 44.4389
97 21 31.8 42.7697
98 21 32 44.5251
96 21 32.2 45.8474
93 21 32.4 45.1153
96 21 32.6 44.3958
95 21 32.8 45.3712
98 21 33 44.1174
95 21 33.2 45.2943
93 21 33.4 43.3498
94 21 33.6 45.3412
93 21 33.8 43.8773
94 21 34 44.081
97 21 34.2 44.8173
91 21 34.4 44.346
90 21 34.6 44.5303
96 21 34.8 45.3313
94 21 35 44.8422
94 21.2 20 44.8438
94 21.2 20.2 43.5249
93 21.2 20.4 43.5984
94 21.2 20.6 44.2369
92 21.2 20.8 45.5618
99 21.2 21 45.4498
97 21.2 21.2 43.7136
95 21.2 21.4 45.4174
93 21.2 21.6 44.2912
94 21.2 21.8 44.3134
98 21.2 22 45.0667
98 21.2 22.2 43.469
98 21.2 22.4 44.0024
96 21.2 22.6 43.9594
97 21.2 22.8 43.7582
96 21.2 23 44.0722
93 21.2 23.2 43.4711
97 21.2 23.4 43.0401
96 21.2 23.6 43.8856
98 21.2 23.8 42.1629
98 21.2 24 43.8413
96 21.2 24.2 44.7119
95 21.2 24.4 44.6897
99 21.2 24.6 43.3177
95 21.2 24.8 44.0447
95 21.2 25 42.7076
97 21.2 25.2 42.6764
98 21.2 25.4 44.6891
96 21.2 25.6 44.7268
99 21.2 25.8 44.9908
95 21.2 26 43.7661
98 21.2 26.2 43.4493
96 21.2 26.4 44.8798
99 21.2 26.6 43.7659
100 21.2 26.8 44.3411
95 21.2 27 42.6877
100 21.2 27.2 43.5014
99 21.2 27.4 44.6833
95 21.2 27.6 43.9906
100 21.2 27.8 43.2532
98 21.2 28 43.5189
99 21.2 28.2 44.0239
100 21.2 28.4 44.555
100 21.2 28.6 43.2242
99 21.2 28.8 43.5142
98 21.2 29 42.363
97 21.2 29.2 43.5824
99 21.2 29.4 45.0162
100 21.2 29.6 42.4769
97 21.2 29.8 44.1205
97 21.2 30 43.3359
99 21.2 30.2 44.1542
99 21.2 30.4 42.4465
98 21.2 30.6 44.4575
99 21.2 30.8 44.3098
98 21.2 31 43.2828
100 21.2 31.2 43.5372
99 21.2 31.4 43.9255
99 21.2 31.6 43.3124
100 21.2 31.8 43.385
95 21.2 32 44.1505
98 21.2 32.2 42.3748
99 21.2 32.4 43.1643
100 21.2 32.6 43.4295
99 21.2 32.8 43.4893
98 21.2 33 46.2274
97 21.2 33.2 43.7638
100 21.2 33.4 44.6933
96 21.2 33.6 43.2077
99 21.2 33.8 44.815
98 21.2 34 44.3486
99 21.2 34.2 45.2395
99 21.2 34.4 43.4992
98 21.2 34.6 44.898
98 21.2 34.8 44.3606
99 21.2 35 45.0485
100 21.4 20 43.2937
98 21.4 20.2 44.4729
98 21.4 20.4 40.9601
97 21.4 20.6 43.7331
99 21.4 20.8 43.9486
99 21.4 21 44.0472
97 21.4 21.2 42.3838
98 21.4 21.4 44.697
96 21.4 21.6 43.3716
99 21.4 21.8 42.1543
98 21.4 22 43.7165
99 21.4 22.2 45.1566
98 21.4 22.4 43.0038
99 21.4 22.6 43.523
99 21.4 22.8 43.2414
100 21.4 23 42.8863
100 21.4 23.2 42.9345
100 21.4 23.4 43.499
99 21.4 23.6 42.6274
99 21.4 23.8 43.7363
100 21.4 24 42.3435
98 21.4 24.2 41.9992
100 21.4 24.4 43.7803
100 21.4 24.6 42.2498
100 21.4 24.8 41.0007
100 21.4 25 43.3982
100 21.4 25.2 42.0882
100 21.4 25.4 42.8877
100 21.4 25.6 42.8511
100 21.4 25.8 43.0729
100 21.4 26 41.4845
100 21.4 26.2 41.565
100 21.4 26.4 42.9286
100 21.4 26.6 41.5253
100 21.4 26.8 44.304
100 21.4 27 43.571
100 21.4 27.2 43.2118
100 21.4 27.4 43.0954
100 21.4 27.6 42.3149
100 21.4 27.8 43.2128
100 21.4 28 43.2659
100 21.4 28.2 41.222
100 21.4 28.4 43.3513
100 21.4 28.6 41.2353
100 21.4 28.8 41.7149
100 21.4 29 42.1547
100 21.4 29.2 43.2113
100 21.4 29.4 40.9235
100 21.4 29.6 43.1514
100 21.4 29.8 41.8208
100 21.4 30 43.3225
100 21.4 30.2 43.8098
100 21.4 30.4 41.934
100 21.4 30.6 43.9187
100 21.4 30.8 41.4587
100 21.4 31 42.7537
100 21.4 31.2 42.5144
100 21.4 31.4 43.3645
100 21.4 31.6 41.9653
100 21.4 31.8 41.2781
100 21.4 32 43.3275
100 21.4 32.2 43.4562
100 21.4 32.4 42.6873
100 21.4 32.6 41.7628
100 21.4 32.8 43.9077
100 21.4 33 43.0993
100 21.4 33.2 41.9932
100 21.4 33.4 44.0588
100 21.4 33.6 42.9743
100 21.4 33.8 42.4661
100 21.4 34 42.6295
100 21.4 34.2 43.7702
100 21.4 34.4 43.0422
100 21.4 34.6 43.3007
100 21.4 34.8 41.5473
100 21.4 35 42.4963
100 21.6 20 42.6303
99 21.6 20.2 43.5841
100 21.6 20.4 44.1993
100 21.6 20.6 42.7042
100 21.6 20.8 41.1291
100 21.6 21 41.2075
100 21.6 21.2 41.4298
100 21.6 21.4 41.9371
100 21.6 21.6 41.73
100 21.6 21.8 41.6702
100 21.6 22 42.78
100 21.6 22.2 41.7195
100 21.6 22.4 42.416
100 21.6 22.6 41.0234
100 21.6 22.8 41.3767
100 21.6 23 42.3515
100 21.6 23.2 40.8174
100 21.6 23.4 41.5491
100 21.6 23.6 41.781
100 21.6 23.8 41.6531
100 21.6 24 41.2835
100 21.6 24.2 43.1532
100 21.6 24.4 41.7165
100 21.6 24.6 41.8387
100 21.6 24.8 41.1548
100 21.6 25 41.6201
100 21.6 25.2 42.136
100 21.6 25.4 41.7078
100 21.6 25.6 40.8458
100 21.6 25.8 41.0588
100 21.6 26 42.9862
100 21.6 26.2 40.6627
100 21.6 26.4 42.1448
100 21.6 26.6 40.7812
100 21.6 26.8 41.3747
100 21.6 27 41.0192
100 21.6 27.2 41.204
100 21.6 27.4 40.7212
100 21.6 27.6 40.7284
100 21.6 27.8 41.2722
100 21.6 28 42.7194
100 21.6 28.2 40.3597
100 21.6 28.4 41.794
100 21.6 28.6 39.9313
100 21.6 28.8 41.2741
100 21.6 29 40.7298
100 21.6 29.2 40.2203
100 21.6 29.4 41.9892
100 21.6 29.6 41.9562
100 21.6 29.8 41.2469
100 21.6 30 42.009
100 21.6 30.2 40.6356
100 21.6 30.4 41.7306
100 21.6 30.6 41.3958
100 21.6 30.8 41.0982
100 21.6 31 42.4108
100 21.6 31.2 41.2528
100 21.6 31.4 40.2698
100 21.6 31.6 41.5456
100 21.6 31.8 41.6671
100 21.6 32 41.0601
100 21.6 32.2 41.3923
100 21.6 32.4 41.5007
100 21.6 32.6 42.4041
100 21.6 32.8 40.6524
100 21.6 33 41.6152
100 21.6 33.2 41.7745
100 21.6 33.4 41.1178
100 21.6 33.6 41.9564
100 21.6 33.8 40.3608
100 21.6 34 41.2456
100 21.6 34.2 42.371
100 21.6 34.4 42.7229
100 21.6 34.6 40.7771
100 21.6 34.8 42.5642
100 21.6 35 41.7897
100 21.8 20 41.0019
100 21.8 20.2 40.8384
100 21.8 20.4 42.2629
100 21.8 20.6 41.8048
100 21.8 20.8 40.9562
100 21.8 21 41.2126
100 21.8 21.2 41.9147
100 21.8 21.4 42.2643
100 21.8 21.6 40.201
100 21.8 21.8 40.0304
100 21.8 22 41.2004
100 21.8 22.2 41.3269
100 21.8 22.4 40.7643
100 21.8 22.6 40.8742
100 21.8 22.8 39.8701
100 21.8 23 40.3886
100 21.8 23.2 41.5
100 21.8 23.4 40.241
100 21.8 23.6 40.5599
100 21.8 23.8 41.2614
100 21.8 24 41.0511
100 21.8 24.2 40.7182
100 21.8 24.4 40.1675
100 21.8 24.6 40.9861
100 21.8 24.8 40.657
100 21.8 25 40.1585
100 21.8 25.2 41.5613
100 21.8 25.4 40.9969
100 21.8 25.6 39.3895
100 21.8 25.8 39.8938
100 21.8 26 38.8375
100 21.8 26.2 38.7924
100 21.8 26.4 40.675
100 21.8 26.6 40.9949
100 21.8 26.8 40.8233
100 21.8 27 39.6941
100 21.8 27.2 39.214
100 21.8 27.4 40.8334
100 21.8 27.6 39.5305
100 21.8 27.8 39.8329
100 21.8 28 39.5446
100 21.8 28.2 40.7607
100 21.8 28.4 40.94
100 21.8 28.6 37.9759
100 21.8 28.8 40.9557
100 21.8 29 40.8689
100 21.8 29.2 39.1462
100 21.8 29.4 40.2249
100 21.8 29.6 41.6454
100 21.8 29.8 39.6051
100 21.8 30 39.7895
100 21.8 30.2 39.7072
100 21.8 30.4 40.9005
100 21.8 30.6 39.5196
100 21.8 30.8 39.6658
100 21.8 31 38.7248
100 21.8 31.2 38.4322
100 21.8 31.4 39.8759
100 21.8 31.6 38.1952
100 21.8 31.8 40.3475
100 21.8 32 39.6308
100 21.8 32.2 40.5225
100 21.8 32.4 40.5476
100 21.8 32.6 40.2172
100 21.8 32.8 39.7955
100 21.8 33 39.8129
100 21.8 33.2 40.0207
100 21.8 33.4 40.8314
100 21.8 33.6 41.4902
100 21.8 33.8 41.3653
100 21.8 34 38.5547
100 21.8 34.2 39.2066
100 21.8 34.4 40.1829
100 21.8 34.6 40.0814
100 21.8 34.8 40.1583
100 21.8 35 39.8047
100 22 20 39.9909
100 22 20.2 38.7388
100 22 20.4 39.4612
100 22 20.6 40.8249
100 22 20.8 39.7851
100 22 21 39.9867
100 22 21.2 39.9344
100 22 21.4 40.104
100 22 21.6 40.4614
100 22 21.8 39.7422
100 22 22 39.7727
100 22 22.2 39.4692
100 22 22.4 39.7262
100 22 22.6 38.9743
100 22 22.8 38.6591
100 22 23 38.5566
100 22 23.2 40.3712
100 22 23.4 38.6209
100 22 23.6 38.8926
100 22 23.8 40.099
100 22 24 39.4829
100 22 24.2 39.3673
100 22 24.4 40.143
100 22 24.6 38.6613
100 22 24.8 38.2016
100 22 25 39.4866
100 22 25.2 39.3234
100 22 25.4 39.4887
100 22 25.6 39.9617
100 22 25.8 38.5108
100 22 26 39.154
100 22 26.2 39.0242
100 22 26.4 39.244
100 22 26.6 39.2582
100 22 26.8 39.6701
100 22 27 40.4547
100 22 27.2 39.4215
100 22 27.4 38.745
100 22 27.6 39.3389
100 22 27.8 37.8569
100 22 28 39.246
100 22 28.2 39.3825
100 22 28.4 38.9388
100 22 28.6 37.6155
100 22 28.8 38.5761
100 22 29 39.584
100 22 29.2 39.0729
100 22 29.4 37.4374
100 22 29.6 39.7803
100 22 29.8 37.8308
100 22 30 38.7527
100 22 30.2 38.8969
100 22 30.4 39.448
100 22 30.6 38.2551
100 22 30.8 39.1186
100 22 31 38.002
100 22 31.2 38.8968
100 22 31.4 38.9594
100 22 31.6 38.9477
100 22 31.8 40.13
100 22 32 38.8181
100 22 32.2 39.8196
100 22 32.4 39.3014
100 22 32.6 38.858
100 22 32.8 38.2316
100 22 33 39.0792
100 22 33.2 40.336
100 22 33.4 38.2221
100 22 33.6 38.4796
100 22 33.8 39.1308
100 22 34 38.7094
100 22 34.2 39.4207
100 22 34.4 39.809
100 22 34.6 38.6242
100 22 34.8 38.3713
100 22 35 38.7756
100 22.2 20 39.0314
100 22.2 20.2 38.9446
100 22.2 20.4 38.9887
100 22.2 20.6 38.0436
100 22.2 20.8 39.2348
100 22.2 21 37.8682
100 22.2 21.2 37.9069
100 22.2 21.4 38.3117
100 22.2 21.6 38.7796
100 22.2 21.8 38.2431
100 22.2 22 37.4058
100 22.2 22.2 37.936
100 22.2 22.4 38.6836
100 22.2 22.6 40.4066
100 22.2 22.8 38.8222
100 22.2 23 38.447
100 22.2 23.2 39.0837
100 22.2 23.4 39.2102
100 22.2 23.6 38.2976
100 22.2 23.8 38.9385
100 22.2 24 37.3362
100 22.2 24.2 38.4772
100 22.2 24.4 37.739
100 22.2 24.6 38.6446
100 22.2 24.8 38.6235
100 22.2 25 37.8497
100 22.2 25.2 37.9789
100 22.2 25.4 38.9915
100 22.2 25.6 37.8551
100 22.2 25.8 35.116
100 22.2 26 38.8589
100 22.2 26.2 38.8213
100 22.2 26.4 37.5903
100 22.2 26.6 38.2535
100 22.2 26.8 38.0974
100 22.2 27 37.7622
100 22.2 27.2 38.8073
100 22.2 27.4 38.6225
100 22.2 27.6 37.3826
100 22.2 27.8 36.589
100 22.2 28 37.8572
100 22.2 28.2 36.6016
100 22.2 28.4 38.4538
100 22.2 28.6 37.5347
100 22.2 28.8 38.5543
100 22.2 29 38.5371
100 22.2 29.2 37.0466
100 22.2 29.4 38.215
100 22.2 29.6 36.2852
100 22.2 29.8 38.6343
100 22.2 30 37.8342
100 22.2 30.2 37.8354
100 22.2 30.4 37.3759
100 22.2 30.6 37.8305
100 22.2 30.8 38.3083
100 22.2 31 38.1204
100 22.2 31.2 38.1425
100 22.2 31.4 37.5632
100 22.2 31.6 37.3338
100 22.2 31.8 36.432
100 22.2 32 37.6992
100 22.2 32.2 38.2246
100 22.2 32.4 37.2346
100 22.2 32.6 37.8946
100 22.2 32.8 36.1798
100 22.2 33 38.7185
100 22.2 33.2 37.7928
100 22.2 33.4 36.5578
100 22.2 33.6 38.2079
100 22.2 33.8 37.4624
100 22.2 34 38.0597
100 22.2 34.2 38.7805
100 22.2 34.4 38.2892
100 22.2 34.6 37.1349
100 22.2 34.8 37.1512
100 22.2 35 39.6086
100 22.4 20 37.1042
100 22.4 20.2 37.7796
100 22.4 20.4 37.5837
100 22.4 20.6 38.6035
100 22.4 20.8 39.1642
100 22.4 21 38.9658
100 22.4 21.2 38.3348
100 22.4 21.4 38.2416
100 22.4 21.6 37.6081
100 22.4 21.8 39.0118
100 22.4 22 36.9195
100 22.4 22.2 38.1405
100 22.4 22.4 37.9548
100 22.4 22.6 37.9776
100 22.4 22.8 37.0924
100 22.4 23 35.9506
100 22.4 23.2 37.0434
100 22.4 23.4 37.1686
100 22.4 23.6 37.3549
100 22.4 23.8 39.3298
100 22.4 24 37.4677
100 22.4 24.2 37.3029
100 22.4 24.4 37.2056
100 22.4 24.6 38.035
100 22.4 24.8 36.2868
100 22.4 25 36.2991
100 22.4 25.2 37.3997
100 22.4 25.4 36.836
100 22.4 25.6 36.4223
100 22.4 25.8 36.5709
100 22.4 26 36.9961
100 22.4 26.2 37.5472
100 22.4 26.4 36.0603
100 22.4 26.6 35.6953
100 22.4 26.8 37.1547
100 22.4 27 37.3086
100 22.4 27.2 36.6036
100 22.4 27.4 35.3397
100 22.4 27.6 35.73
100 22.4 27.8 35.0383
100 22.4 28 37.3474
100 22.4 28.2 35.9154
100 22.4 28.4 36.118
100 22.4 28.6 37.7404
100 22.4 28.8 36.4578
100 22.4 29 35.7439
100 22.4 29.2 36.7178
100 22.4 29.4 36.7038
100 22.4 29.6 36.9138
100 22.4 29.8 37.1873
100 22.4 30 37.335
100 22.4 30.2 37.2325
100 22.4 30.4 37.501
100 22.4 30.6 36.1387
100 22.4 30.8 37.33
100 22.4 31 37.0188
100 22.4 31.2 37.0643
100 22.4 31.4 37.6414
100 22.4 31.6 36.4164
100 22.4 31.8 36.6037
100 22.4 32 35.9586
100 22.4 32.2 36.9337
100 22.4 32.4 36.6607
100 22.4 32.6 35.5462
100 22.4 32.8 37.3089
100 22.4 33 36.8428
100 22.4 33.2 35.8214
100 22.4 33.4 37.5872
100 22.4 33.6 36.8189
100 22.4 33.8 37.0824
100 22.4 34 37.8234
100 22.4 34.2 36.9236
100 22.4 34.4 36.2666
100 22.4 34.6 36.0214
100 22.4 34.8 37.4436
100 22.4 35 36.2627
100 22.6 20 36.7036
100 22.6 20.2 36.678
100 22.6 20.4 37.3463
100 22.6 20.6 36.7165
100 22.6 20.8 36.3452
100 22.6 21 36.4617
100 22.6 21.2 36.6586
100 22.6 21.4 37.9835
100 22.6 21.6 37.927
100 22.6 21.8 37.6756
100 22.6 22 37.9384
100 22.6 22.2 34.9979
100 22.6 22.4 37.9708
100 22.6 22.6 36.6785
100 22.6 22.8 35.9825
100 22.6 23 37.2503
100 22.6 23.2 35.8059
100 22.6 23.4 36.9096
100 22.6 23.6 36.412
100 22.6 23.8 37.5137
100 22.6 24 36.0483
100 22.6 24.2 37.0007
100 22.6 24.4 36.5238
100 22.6 24.6 36.2744
100 22.6 24.8 35.6297
100 22.6 25 36.6791
100 22.6 25.2 36.503
100 22.6 25.4 35.2552
100 22.6 25.6 36.8028
100 22.6 25.8 35.2146
100 22.6 26 36.5544
100 22.6 26.2 37.0033
100 22.6 26.4 35.0086
100 22.6 26.6 37.0757
100 22.6 26.8 35.7717
100 22.6 27 35.7012
100 22.6 27.2 35.1806
100 22.6 27.4 35.7434
100 22.6 27.6 35.0874
100 22.6 27.8 36.091
100 22.6 28 36.5007
100 22.6 28.2 36.3417
100 22.6 28.4 36.5805
100 22.6 28.6 37.6963
100 22.6 28.8 36.0481
100 22.6 29 35.5835
100 22.6 29.2 36.3515
100 22.6 29.4 35.9799
100 22.6 29.6 35.8023
100 22.6 29.8 36.4926
100 22.6 30 36.3657
100 22.6 30.2 36.7954
100 22.6 30.4 35.2444
100 22.6 30.6 34.7948
100 22.6 30.8 36.0033
100 22.6 31 35.968
100 22.6 31.2 35.263
100 22.6 31.4 35.3941
100 22.6 31.6 34.7164
100 22.6 31.8 37.1023
100 22.6 32 36.2737
100 22.6 32.2 34.8396
100 22.6 32.4 36.4424
100 22.6 32.6 35.9048
100 22.6 32.8 35.0733
100 22.6 33 34.6814
100 22.6 33.2 35.4064
100 22.6 33.4 35.57
100 22.6 33.6 34.0288
100 22.6 33.8 34.6612
100 22.6 34 35.5641
100 22.6 34.2 34.1717
100 22.6 34.4 35.6409
100 22.6 34.6 37.8422
100 22.6 34.8 35.7127
100 22.6 35 36.3914
100 22.8 20 35.722
100 22.8 20.2 36.5152
100 22.8 20.4 36.5348
100 22.8 20.6 37.4237
100 22.8 20.8 36.867
100 22.8 21 36.7367
100 22.8 21.2 36.5401
100 22.8 21.4 37.9348
100 22.8 21.6 35.1946
100 22.8 21.8 36.2142
100 22.8 22 36.0641
100 22.8 22.2 36.0414
100 22.8 22.4 37.0687
100 22.8 22.6 35.1527
100 22.8 22.8 36.4811
100 22.8 23 34.9718
100 22.8 23.2 37.2465
100 22.8 23.4 35.8247
100 22.8 23.6 36.9742
100 22.8 23.8 36.9498
100 22.8 24 36.2347
100 22.8 24.2 35.3185
100 22.8 24.4 36.6538
100 22.8 24.6 34.23
100 22.8 24.8 36.6372
100 22.8 25 36.5367
100 22.8 25.2 35.3787
100 22.8 25.4 35.4689
100 22.8 25.6 36.1785
100 22.8 25.8 34.6776
100 22.8 26 35.0248
100 22.8 26.2 35.7916
100 22.8 26.4 35.246
100 22.8 26.6 35.7204
100 22.8 26.8 35.556
100 22.8 27 35.551
100 22.8 27.2 33.8907
100 22.8 27.4 34.7366
100 22.8 27.6 35.1837
100 22.8 27.8 33.6368
100 22.8 28 34.2739
100 22.8 28.2 34.6816
100 22.8 28.4 35.0998
100 22.8 28.6 33.7651
100 22.8 28.8 35.663
100 22.8 29 33.6171
100 22.8 29.2 34.7741
100 22.8 29.4 35.3194
100 22.8 29.6 34.6327
100 22.8 29.8 35.7825
100 22.8 30 36.0586
100 22.8 30.2 33.8925
100 22.8 30.4 34.2514
100 22.8 30.6 33.7356
100 22.8 30.8 35.5271
100 22.8 31 35.2347
100 22.8 31.2 35.0906
100 22.8 31.4 34.8928
100 22.8 31.6 35.6491
100 22.8 31.8 33.9695
100 22.8 32 35.3312
100 22.8 32.2 34.3685
100 22.8 32.4 35.4085
100 22.8 32.6 34.4289
100 22.8 32.8 34.6725
100 22.8 33 34.1931
100 22.8 33.2 35.4698
100 22.8 33.4 35.4585
100 22.8 33.6 34.2033
100 22.8 33.8 35.1773
100 22.8 34 35.3344
100 22.8 34.2 34.9619
100 22.8 34.4 33.7157
100 22.8 34.6 34.5084
100 22.8 34.8 34.6348
100 22.8 35 35.3904
100 23 20 34.9359
100 23 20.2 34.7987
100 23 20.4 37.0005
100 23 20.6 35.7811
100 23 20.8 36.5174
100 23 21 36.4785
100 23 21.2 34.488
100 23 21.4 35.0615
100 23 21.6 35.327
100 23 21.8 34.3269
100 23 22 36.6625
100 23 22.2 35.8818
100 23 22.4 35.0892
100 23 22.6 35.4808
100 23 22.8 36.3387
100 23 23 33.5043
100 23 23.2 35.3155
100 23 23.4 34.01
100 23 23.6 34.8508
100 23 23.8 36.2018
100 23 24 33.2129
100 23 24.2 35.2287
100 23 24.4 34.6249
100 23 24.6 33.8926
100 23 24.8 33.9178
100 23 25 35.9533
100 23 25.2 34.1887
100 23 25.4 33.9195
100 23 25.6 34.4281
100 23 25.8 35.3638
100 23 26 34.7783
100 23 26.2 34.4629
100 23 26.4 34.1605
100 23 26.6 35.1881
100 23 26.8 34.6271
100 23 27 34.7315
100 23 27.2 34.669
100 23 27.4 33.3532
100 23 27.6 34.67
100 23 27.8 33.9322
100 23 28 35.4539
100 23 28.2 35.8795
100 23 28.4 33.3056
100 23 28.6 35.3174
100 23 28.8 33.7907
100 23 29 33.8098
100 23 29.2 34.8453
100 23 29.4 34.8014
100 23 29.6 35.3652
100 23 29.8 34.4997
100 23 30 33.9922
100 23 30.2 32.9571
100 23 30.4 33.6229
100 23 30.6 34.8391
100 23 30.8 33.167
100 23 31 33.8939
100 23 31.2 34.0704
100 23 31.4 34.6381
100 23 31.6 35.2336
100 23 31.8 33.6353
100 23 32 33.6737
100 23 32.2 33.6477
100 23 32.4 33.4229
100 23 32.6 34.0767
100 23 32.8 33.3869
100 23 33 33.5616
100 23 33.2 35.2994
100 23 33.4 34.852
100 23 33.6 35.2492
100 23 33.8 35.0659
100 23 34 33.51
100 23 34.2 33.0621
100 23 34.4 34.729
100 23 34.6 34.7607
100 23 34.8 33.3996
100 23 35 35.384
100 23.2 20 34.7824
100 23.2 20.2 35.7372
100 23.2 20.4 36.3305
100 23.2 20.6 37.2763
100 23.2 20.8 35.2649
100 23.2 21 36.0488
100 23.2 21.2 34.2463
100 23.2 21.4 34.0253
100 23.2 21.6 35.8468
100 23.2 21.8 34.5222
100 23.2 22 33.7913
100 23.2 22.2 33.9821
100 23.2 22.4 34.6642
100 23.2 22.6 34.4794
100 23.2 22.8 34.4661
100 23.2 23 35.1039
100 23.2 23.2 34.3945
100 23.2 23.4 34.998
100 23.2 23.6 33.6892
100 23.2 23.8 34.1045
100 23.2 24 34.7307
100 23.2 24.2 35.0041
100 23.2 24.4 34.5233
100 23.2 24.6 33.689
100 23.2 24.8 35.1309
100 23.2 25 34.6239
100 23.2 25.2 32.9302
100 23.2 25.4 34.236
100 23.2 25.6 33.1147
100 23.2 25.8 34.6366
100 23.2 26 34.6272
100 23.2 26.2 33.6966
100 23.2 26.4 32.0707
100 23.2 26.6 34.44
100 23.2 26.8 34.8196
100 23.2 27 32.6524
100 23.2 27.2 33.6819
100 23.2 27.4 33.9368
100 23.2 27.6 33.3933
100 23.2 27.8 34.2406
100 23.2 28 33.3751
100 23.2 28.2 34.2368
100 23.2 28.4 33.6336
100 23.2 28.6 32.1231
100 23.2 28.8 33.1928
100 23.2 29 33.5734
100 23.2 29.2 34.3003
100 23.2 29.4 32.827
100 23.2 29.6 32.7978
100 23.2 29.8 33.4946
100 23.2 30 33.1145
100 23.2 30.2 32.1018
100 23.2 30.4 33.5144
100 23.2 30.6 34.4649
100 23.2 30.8 32.5548
100 23.2 31 32.7942
100 23.2 31.2 32.5006
100 23.2 31.4 33.9927
100 23.2 31.6 33.6477
100 23.2 31.8 33.431
100 23.2 32 34.4586
100 23.2 32.2 34.3015
100 23.2 32.4 33.6598
100 23.2 32.6 32.0528
100 23.2 32.8 33.0349
100 23.2 33 33.8855
100 23.2 33.2 33.5154
100 23.2 33.4 33.3052
100 23.2 33.6 32.8733
100 23.2 33.8 34.7182
100 23.2 34 32.6351
100 23.2 34.2 32.9507
100 23.2 34.4 33.8578
100 23.2 34.6 33.5357
100 23.2 34.8 33.6165
100 23.2 35 33.168
100 23.4 20 34.2223
100 23.4 20.2 35.9979
100 23.4 20.4 35.7286
100 23.4 20.6 34.5674
100 23.4 20.8 34.5031
100 23.4 21 35.6983
100 23.4 21.2 35.8321
100 23.4 21.4 33.758
100 23.4 21.6 34.987
100 23.4 21.8 33.5912
100 23.4 22 34.6267
100 23.4 22.2 33.4444
100 23.4 22.4 36.0586
100 23.4 22.6 34.6481
100 23.4 22.8 33.739
100 23.4 23 35.0002
100 23.4 23.2 34.6219
100 23.4 23.4 35.1573
100 23.4 23.6 34.8655
100 23.4 23.8 34.1221
100 23.4 24 33.0767
100 23.4 24.2 34.7039
100 23.4 24.4 33.2269
100 23.4 24.6 33.7522
100 23.4 24.8 33.8451
100 23.4 25 34.7625
100 23.4 25.2 33.1497
100 23.4 25.4 32.8492
100 23.4 25.6 32.4381
100 23.4 25.8 33.0976
100 23.4 26 32.1383
100 23.4 26.2 34.1996
100 23.4 26.4 33.661
100 23.4 26.6 33.3284
100 23.4 26.8 32.6083
100 23.4 27 32.803
100 23.4 27.2 32.359
100 23.4 27.4 33.7177
100 23.4 27.6 35.063
100 23.4 27.8 32.6993
100 23.4 28 33.5437
100 23.4 28.2 34.3415
100 23.4 28.4 32.5619
100 23.4 28.6 33.1941
100 23.4 28.8 33.709
100 23.4 29 33.6287
100 23.4 29.2 32.8769
100 23.4 29.4 32.0342
100 23.4 29.6 30.8324
100 23.4 29.8 33.5528
100 23.4 30 33.0182
100 23.4 30.2 32.1379
100 23.4 30.4 31.9298
100 23.4 30.6 33.4866
100 23.4 30.8 34.2523
100 23.4 31 33.15
100 23.4 31.2 32.4869
100 23.4 31.4 34.7094
100 23.4 31.6 32.588
100 23.4 31.8 32.3217
100 23.4 32 34.5604
100 23.4 32.2 33.9181
100 23.4 32.4 33.3311
100 23.4 32.6 33.31
100 23.4 32.8 34.4119
100 23.4 33 33.6101
100 23.4 33.2 32.1806
100 23.4 33.4 32.8979
100 23.4 33.6 32.7005
100 23.4 33.8 32.8982
100 23.4 34 33.022
100 23.4 34.2 32.5441
100 23.4 34.4 31.4962
100 23.4 34.6 32.0977
100 23.4 34.8 32.7425
100 23.4 35 32.4974
100 23.6 20 34.3888
100 23.6 20.2 35.5887
100 23.6 20.4 35.0958
100 23.6 20.6 35.2377
100 23.6 20.8 34.2573
100 23.6 21 34.7954
100 23.6 21.2 34.6201
100 23.6 21.4 35.5437
100 23.6 21.6 34.7573
100 23.6 21.8 34.2793
100 23.6 22 35.2154
100 23.6 22.2 33.5882
100 23.6 22.4 33.2112
100 23.6 22.6 33.7446
100 23.6 22.8 33.6711
100 23.6 23 32.425
100 23.6 23.2 33.4247
100 23.6 23.4 34.3987
100 23.6 23.6 32.6061
100 23.6 23.8 33.302
100 23.6 24 33.5965
100 23.6 24.2 33.3929
100 23.6 24.4 33.204
100 23.6 24.6 32.6536
100 23.6 24.8 34.8747
100 23.6 25 33.2384
100 23.6 25.2 34.177
100 23.6 25.4 34.3502
100 23.6 25.6 33.6993
100 23.6 25.8 33.2453
100 23.6 26 31.3172
100 23.6 26.2 32.5379
100 23.6 26.4 34.8222
100 23.6 26.6 31.8905
100 23.6 26.8 32.2998
100 23.6 27 32.3793
100 23.6 27.2 32.4447
100 23.6 27.4 31.2114
100 23.6 27.6 32.8383
100 23.6 27.8 33.8531
100 23.6 28 33.6709
100 23.6 28.2 33.575
100 23.6 28.4 32.2264
100 23.6 28.6 33.2215
100 23.6 28.8 32.0526
100 23.6 29 32.2148
100 23.6 29.2 33.1214
100 23.6 29.4 33.1047
100 23.6 29.6 33.2565
100 23.6 29.8 31.9695
100 23.6 30 33.1338
100 23.6 30.2 33.5251
100 23.6 30.4 32.3415
100 23.6 30.6 33.3977
100 23.6 30.8 32.2276
100 23.6 31 31.6523
100 23.6 31.2 31.2947
100 23.6 31.4 32.3849
100 23.6 31.6 32.6077
100 23.6 31.8 31.2297
100 23.6 32 32.7352
100 23.6 32.2 31.633
100 23.6 32.4 33.4315
100 23.6 32.6 32.7399
100 23.6 32.8 33.6157
100 23.6 33 31.9402
100 23.6 33.2 32.2047
100 23.6 33.4 31.7995
100 23.6 33.6 33.5317
100 23.6 33.8 32.8845
100 23.6 34 32.7063
100 23.6 34.2 33.9514
100 23.6 34.4 32.6655
100 23.6 34.6 32.1276
100 23.6 34.8 33.1909
100 23.6 35 30.7705
100 23.8 20 33.5725
100 23.8 20.2 35.322
100 23.8 20.4 35.669
100 23.8 20.6 33.6895
100 23.8 20.8 34.4758
100 23.8 21 34.9646
100 23.8 21.2 33.9837
100 23.8 21.4 33.3479
100 23.8 21.6 33.6846
100 23.8 21.8 34.9273
100 23.8 22 34.4686
100 23.8 22.2 35.607
100 23.8 22.4 33.3392
100 23.8 22.6 35.0866
100 23.8 22.8 32.1449
100 23.8 23 34.6561
100 23.8 23.2 32.8699
100 23.8 23.4 33.4985
100 23.8 23.6 34.0652
100 23.8 23.8 32.4631
100 23.8 24 33.9292
100 23.8 24.2 34.6176
100 23.8 24.4 32.5173
100 23.8 24.6 33.0903
100 23.8 24.8 34.1132
100 23.8 25 32.0589
100 23.8 25.2 32.7326
100 23.8 25.4 33.6054
100 23.8 25.6 33.7836
100 23.8 25.8 33.1537
100 23.8 26 32.227
100 23.8 26.2 34.3826
100 23.8 26.4 33.6506
100 23.8 26.6 34.3612
100 23.8 26.8 32.9614
100 23.8 27 33.5144
100 23.8 27.2 32.9276
100 23.8 27.4 35.6419
100 23.8 27.6 33.0613
100 23.8 27.8 33.5806
100 23.8 28 32.3873
100 23.8 28.2 34.0898
100 23.8 28.4 33.9745
100 23.8 28.6 32.2215
100 23.8 28.8 32.444
100 23.8 29 32.0752
100 23.8 29.2 32.4811
100 23.8 29.4 32.8104
100 23.8 29.6 32.4646
100 23.8 29.8 32.7429
100 23.8 30 31.0682
100 23.8 30.2 31.9196
100 23.8 30.4 31.0619
100 23.8 30.6 33.5676
100 23.8 30.8 32.9109
100 23.8 31 31.8574
100 23.8 31.2 31.84
100 23.8 31.4 32.7701
100 23.8 31.6 31.4461
100 23.8 31.8 32.191
100 23.8 32 32.7701
100 23.8 32.2 30.6283
100 23.8 32.4 33.981
100 23.8 32.6 32.7122
100 23.8 32.8 32.3988
100 23.8 33 32.7991
100 23.8 33.2 30.9303
100 23.8 33.4 31.5972
100 23.8 33.6 31.4806
100 23.8 33.8 32.9575
100 23.8 34 31.9629
100 23.8 34.2 32.5681
100 23.8 34.4 31.9677
100 23.8 34.6 31.6007
100 23.8 34.8 31.8382
100 23.8 35 31.6968
100 24 20 32.6294
100 24 20.2 35.6104
100 24 20.4 33.1609
100 24 20.6 34.1025
100 24 20.8 33.372
100 24 21 33.917
100 24 21.2 34.7796
100 24 21.4 33.6507
100 24 21.6 34.9677
100 24 21.8 32.5039
100 24 22 32.8263
100 24 22.2 34.5822
100 24 22.4 33.9747
100 24 22.6 33.9854
100 24 22.8 33.2284
100 24 23 34.1789
100 24 23.2 32.4957
100 24 23.4 33.2252
100 24 23.6 32.8518
100 24 23.8 31.9112
100 24 24 32.0197
100 24 24.2 31.4829
100 24 24.4 31.4896
100 24 24.6 32.45
100 24 24.8 32.7242
100 24 25 33.0079
100 24 25.2 33.6007
100 24 25.4 34.0096
100 24 25.6 32.4913
100 24 25.8 33.0109
100 24 26 32.638
100 24 26.2 32.8843
100 24 26.4 32.9221
100 24 26.6 32.4775
100 24 26.8 32.1665
100 24 27 33.32
100 24 27.2 32.1296
100 24 27.4 31.5757
100 24 27.6 33.0241
100 24 27.8 32.2998
100 24 28 31.7398
100 24 28.2 33.1667
100 24 28.4 32.5037
100 24 28.6 33.9214
100 24 28.8 31.5954
100 24 29 32.5194
100 24 29.2 31.1047
100 24 29.4 31.1284
100 24 29.6 33.497
100 24 29.8 33.5498
100 24 30 32.5582
100 24 30.2 32.4314
100 24 30.4 33.1714
100 24 30.6 32.6468
100 24 30.8 31.7962
100 24 31 32.5495
100 24 31.2 31.5628
100 24 31.4 33.0987
100 24 31.6 31.3221
100 24 31.8 32.8929
100 24 32 32.2027
100 24 32.2 31.5888
100 24 32.4 32.14
100 24 32.6 30.7732
100 24 32.8 32.0046
100 24 33 32.2706
100 24 33.2 33.1543
100 24 33.4 32.0061
100 24 33.6 31.4096
100 24 33.8 32.4005
100 24 34 30.3118
100 24 34.2 34.466
100 24 34.4 32.4562
100 24 34.6 32.1104
100 24 34.8 32.2288
100 24 35 31.5504
100 24.2 20 35.7303
100 24.2 20.2 35.9019
100 24.2 20.4 33.1231
100 24.2 20.6 34.6118
100 24.2 20.8 34.1553
100 24.2 21 34.1884
100 24.2 21.2 34.0565
100 24.2 21.4 34.6213
100 24.2 21.6 32.4317
100 24.2 21.8 33.8592
100 24.2 22 32.8626
100 24.2 22.2 32.2169
100 24.2 22.4 33.7781
100 24.2 22.6 32.6316
100 24.2 22.8 33.0104
100 24.2 23 33.3913
100 24.2 23.2 34.5512
100 24.2 23.4 33.2462
100 24.2 23.6 34.268
100 24.2 23.8 33.8245
100 24.2 24 33.1843
100 24.2 24.2 32.5952
100 24.2 24.4 33.6233
100 24.2 24.6 33.0217
100 24.2 24.8 35.2821
100 24.2 25 32.8722
100 24.2 25.2 33.6301
100 24.2 25.4 31.7707
100 24.2 25.6 34.0385
100 24.2 25.8 32.1
100 24.2 26 33.066
100 24.2 26.2 33.7387
100 24.2 26.4 31.4975
100 24.2 26.6 32.5096
100 24.2 26.8 33.4023
100 24.2 27 33.4204
100 24.2 27.2 32.4696
100 24.2 27.4 34.0085
100 24.2 27.6 34.1932
100 24.2 27.8 30.693
100 24.2 28 30.8093
100 24.2 28.2 34.2429
100 24.2 28.4 33.2713
100 24.2 28.6 32.9723
100 24.2 28.8 30.2078
100 24.2 29 31.5928
100 24.2 29.2 31.2595
100 24.2 29.4 30.4994
100 24.2 29.6 31.2721
100 24.2 29.8 32.0467
100 24.2 30 33.1071
100 24.2 30.2 32.5236
100 24.2 30.4 33.255
100 24.2 30.6 33.0686
100 24.2 30.8 33.4182
100 24.2 31 32.1604
100 24.2 31.2 32.7984
100 24.2 31.4 31.6709
100 24.2 31.6 30.8502
100 24.2 31.8 32.7742
100 24.2 32 31.5845
100 24.2 32.2 32.133
100 24.2 32.4 32.0004
100 24.2 32.6 33.5413
100 24.2 32.8 32.7004
100 24.2 33 32.347
100 24.2 33.2 31.1573
100 24.2 33.4 31.4597
100 24.2 33.6 33.6758
100 24.2 33.8 32.056
100 24.2 34 31.2283
100 24.2 34.2 31.1191
100 24.2 34.4 32.1501
100 24.2 34.6 31.8513
100 24.2 34.8 33.0472
100 24.2 35 31.7802
100 24.4 20 33.9679
100 24.4 20.2 33.8791
100 24.4 20.4 34.8639
100 24.4 20.6 33.8621
100 24.4 20.8 33.643
100 24.4 21 35.0437
100 24.4 21.2 33.1915
100 24.4 21.4 34.4172
100 24.4 21.6 34.5813
100 24.4 21.8 32.3617
100 24.4 22 34.6528
100 24.4 22.2 35.314
100 24.4 22.4 33.9701
100 24.4 22.6 35.0419
100 24.4 22.8 32.7854
100 24.4 23 33.6741
100 24.4 23.2 33.3759
100 24.4 23.4 35.2514
100 24.4 23.6 33.7039
100 24.4 23.8 36.9036
100 24.4 24 32.0122
100 24.4 24.2 34.5522
100 24.4 24.4 34.9791
100 24.4 24.6 33.9566
100 24.4 24.8 34.2546
100 24.4 25 32.4879
100 24.4 25.2 32.8723
100 24.4 25.4 33.2343
100 24.4 25.6 34.2447
100 24.4 25.8 32.8605
100 24.4 26 32.5988
100 24.4 26.2 34.9414
100 24.4 26.4 31.1722
100 24.4 26.6 32.636
100 24.4 26.8 33.5931
100 24.4 27 34.0963
100 24.4 27.2 33.3895
100 24.4 27.4 32.567
100 24.4 27.6 32.0097
100 24.4 27.8 31.0778
100 24.4 28 32.3296
100 24.4 28.2 35.3402
100 24.4 28.4 32.7432
100 24.4 28.6 32.5665
100 24.4 28.8 32.1512
100 24.4 29 31.941
100 24.4 29.2 33.0087
100 24.4 29.4 32.2642
100 24.4 29.6 31.7766
100 24.4 29.8 33.1274
100 24.4 30 32.5452
100 24.4 30.2 31.77
100 24.4 30.4 33.9502
100 24.4 30.6 32.7507
100 24.4 30.8 32.2079
100 24.4 31 31.5596
100 24.4 31.2 32.187
100 24.4 31.4 32.1751
100 24.4 31.6 33.6827
100 24.4 31.8 32.8521
100 24.4 32 31.6076
100 24.4 32.2 31.7792
100 24.4 32.4 32.4752
100 24.4 32.6 32.7665
100 24.4 32.8 32.6093
100 24.4 33 33.2531
100 24.4 33.2 32.5445
100 24.4 33.4 32.1177
100 24.4 33.6 33.39
100 24.4 33.8 33.1178
100 24.4 34 30.1675
100 24.4 34.2 30.6736
100 24.4 34.4 31.3726
100 24.4 34.6 31.8658
100 24.4 34.8 31.1939
100 24.4 35 33.5287
100 24.6 20 34.9988
100 24.6 20.2 35.4607
100 24.6 20.4 34.2025
100 24.6 20.6 36.9047
100 24.6 20.8 36.0865
100 24.6 21 33.2269
100 24.6 21.2 33.4695
100 24.6 21.4 34.9789
100 24.6 21.6 35.0349
100 24.6 21.8 36.7073
100 24.6 22 34.5884
100 24.6 22.2 36.4306
100 24.6 22.4 34.1553
100 24.6 22.6 32.6923
100 24.6 22.8 33.6737
100 24.6 23 33.8445
100 24.6 23.2 33.1448
100 24.6 23.4 35.7515
100 24.6 23.6 34.1949
100 24.6 23.8 33.1925
100 24.6 24 34.5553
100 24.6 24.2 32.98
100 24.6 24.4 35.177
100 24.6 24.6 33.1189
100 24.6 24.8 35.3788
100 24.6 25 35.152
100 24.6 25.2 34.2013
100 24.6 25.4 33.0745
100 24.6 25.6 34.0404
100 24.6 25.8 31.6164
100 24.6 26 34.5956
100 24.6 26.2 34.2743
100 24.6 26.4 32.0189
100 24.6 26.6 33.8302
100 24.6 26.8 33.8736
100 24.6 27 33.666
100 24.6 27.2 33.7366
100 24.6 27.4 33.5686
100 24.6 27.6 33.6307
100 24.6 27.8 32.6671
100 24.6 28 34.1842
100 24.6 28.2 32.903
100 24.6 28.4 33.8925
100 24.6 28.6 32.0755
100 24.6 28.8 32.4645
100 24.6 29 32.7077
100 24.6 29.2 32.4233
100 24.6 29.4 33.6495
100 24.6 29.6 32.5529
100 24.6 29.8 31.3206
100 24.6 30 34.0431
100 24.6 30.2 33.259
100 24.6 30.4 32.2353
100 24.6 30.6 34.0415
100 24.6 30.8 32.8741
100 24.6 31 33.0007
100 24.6 31.2 34.0928
100 24.6 31.4 31.3004
100 24.6 31.6 33.2872
100 24.6 31.8 31.9977
100 24.6 32 32.2776
100 24.6 32.2 31.9256
100 24.6 32.4 30.8352
100 24.6 32.6 33.6988
100 24.6 32.8 32.3777
100 24.6 33 33.8799
100 24.6 33.2 31.4329
100 24.6 33.4 32.5773
100 24.6 33.6 34.1298
100 24.6 33.8 31.1434
100 24.6 34 33.3706
100 24.6 34.2 32.7935
100 24.6 34.4 32.1399
100 24.6 34.6 30.8857
100 24.6 34.8 32.1385
100 24.6 35 31.0769
100 24.8 20 32.7664
98 24.8 20.2 34.8844
98 24.8 20.4 35.2672
100 24.8 20.6 36.205
100 24.8 20.8 36.3102
100 24.8 21 34.621
100 24.8 21.2 33.8449
100 24.8 21.4 35.3808
100 24.8 21.6 34.5067
100 24.8 21.8 36.1783
100 24.8 22 35.0009
100 24.8 22.2 34.0839
100 24.8 22.4 35.5628
100 24.8 22.6 35.1549
100 24.8 22.8 32.8445
100 24.8 23 35.3363
100 24.8 23.2 33.965
100 24.8 23.4 33.9886
100 24.8 23.6 32.7291
100 24.8 23.8 35.0563
100 24.8 24 35.421
100 24.8 24.2 36.6855
100 24.8 24.4 32.8671
100 24.8 24.6 33.1294
100 24.8 24.8 36.5809
100 24.8 25 34.7746
100 24.8 25.2 34.9569
100 24.8 25.4 33.2835
100 24.8 25.6 33.1487
100 24.8 25.8 32.9344
100 24.8 26 35.0031
100 24.8 26.2 32.6524
100 24.8 26.4 34.0728
100 24.8 26.6 34.3363
100 24.8 26.8 33.3574
100 24.8 27 32.3835
100 24.8 27.2 32.4486
100 24.8 27.4 33.6256
100 24.8 27.6 34.4781
100 24.8 27.8 34.9742
100 24.8 28 33.218
100 24.8 28.2 34.1272
100 24.8 28.4 35.5981
100 24.8 28.6 31.5126
100 24.8 28.8 31.4499
100 24.8 29 33.2184
100 24.8 29.2 32.5461
100 24.8 29.4 32.1627
100 24.8 29.6 33.625
100 24.8 29.8 33.5118
100 24.8 30 33.7739
100 24.8 30.2 32.8209
100 24.8 30.4 33.656
100 24.8 30.6 33.8602
100 24.8 30.8 33.0237
100 24.8 31 33.1047
100 24.8 31.2 33.4427
100 24.8 31.4 32.6182
100 24.8 31.6 33.3498
100 24.8 31.8 33.1915
100 24.8 32 32.5832
100 24.8 32.2 32.7212
100 24.8 32.4 31.7621
100 24.8 32.6 35.2048
100 24.8 32.8 33.2059
100 24.8 33 33.0465
100 24.8 33.2 32.7237
100 24.8 33.4 33.5475
100 24.8 33.6 31.7037
100 24.8 33.8 33.4214
100 24.8 34 31.5599
100 24.8 34.2 33.7939
100 24.8 34.4 32.9393
100 24.8 34.6 32.6431
100 24.8 34.8 33.3843
100 24.8 35 31.2463
99 25 20 34.9308
100 25 20.2 37.2333
100 25 20.4 36.6199
99 25 20.6 35.8974
100 25 20.8 36.0812
97 25 21 35.8432
99 25 21.2 35.2623
99 25 21.4 36.4244
100 25 21.6 36.8609
100 25 21.8 34.2362
99 25 22 36.4264
95 25 22.2 35.5889
99 25 22.4 36.3459
100 25 22.6 34.4233
99 25 22.8 34.6898
100 25 23 34.0674
100 25 23.2 33.6307
99 25 23.4 35.1714
99 25 23.6 35.3034
100 25 23.8 34.3643
100 25 24 34.815
99 25 24.2 34.9609
100 25 24.4 33.6477
100 25 24.6 34.9489
99 25 24.8 35.077
100 25 25 33.2961
100 25 25.2 32.9776
100 25 25.4 32.7136
100 25 25.6 35.2569
100 25 25.8 34.3541
100 25 26 36.7507
100 25 26.2 34.4172
100 25 26.4 31.6601
100 25 26.6 35.0039
100 25 26.8 34.5706
100 25 27 35.3704
100 25 27.2 34.4364
100 25 27.4 34.3174
100 25 27.6 35.1313
100 25 27.8 32.5258
100 25 28 35.0305
100 25 28.2 34.4496
100 25 28.4 33.2329
100 25 28.6 34.5162
100 25 28.8 34.4403
100 25 29 32.0378
100 25 29.2 34.2212
100 25 29.4 33.5564
100 25 29.6 33.6796
100 25 29.8 34.3697
100 25 30 34.3845
100 25 30.2 31.8727
100 25 30.4 36.6003
100 25 30.6 35.2638
100 25 30.8 33.8264
100 25 31 33.2799
100 25 31.2 33.9514
100 25 31.4 35.9197
100 25 31.6 34.9168
100 25 31.8 32.8292
100 25 32 32.2376
100 25 32.2 33.8575
100 25 32.4 34.4687
100 25 32.6 34.6218
100 25 32.8 35.1884
100 25 33 32.8353
100 25 33.2 33.7716
100 25 33.4 34.1291
100 25 33.6 34.3414
100 25 33.8 32.8146
100 25 34 32.2826
100 25 34.2 33.7921
100 25 34.4 33.86
100 25 34.6 31.7566
100 25 34.8 32.9552
100 25 35 33.3174
99 25.2 20 35.6529
96 25.2 20.2 35.9275
99 25.2 20.4 35.5185
99 25.2 20.6 36.3605
100 25.2 20.8 35.9031
94 25.2 21 34.3826
99 25.2 21.2 35.9849
99 25.2 21.4 35.4859
99 25.2 21.6 34.471
99 25.2 21.8 34.4862
97 25.2 22 34.6631
99 25.2 22.2 35.4583
100 25.2 22.4 35.4079
99 25.2 22.6 34.0041
98 25.2 22.8 34.2404
99 25.2 23 33.1812
98 25.2 23.2 35.4646
100 25.2 23.4 35.3284
98 25.2 23.6 37.6036
99 25.2 23.8 35.0586
99 25.2 24 35.7792
98 25.2 24.2 35.1653
98 25.2 24.4 35.2246
100 25.2 24.6 36.654
99 25.2 24.8 34.9121
99 25.2 25 35.3531
99 25.2 25.2 36.4356
99 25.2 25.4 33.8198
99 25.2 25.6 33.6929
99 25.2 25.8 33.6872
100 25.2 26 35.108
99 25.2 26.2 34.0184
98 25.2 26.4 35.2513
99 25.2 26.6 34.4509
100 25.2 26.8 35.1509
99 25.2 27 33.5197
99 25.2 27.2 34.7905
100 25.2 27.4 35.1602
100 25.2 27.6 35.5862
99 25.2 27.8 36.4529
98 25.2 28 33.6675
100 25.2 28.2 33.0506
100 25.2 28.4 34.478
100 25.2 28.6 34.7379
100 25.2 28.8 33.7561
100 25.2 29 35.1121
100 25.2 29.2 35.264
99 25.2 29.4 34.4758
100 25.2 29.6 36.4218
100 25.2 29.8 33.9358
100 25.2 30 35.6934
100 25.2 30.2 34.5787
99 25.2 30.4 35.0541
100 25.2 30.6 35.9035
100 25.2 30.8 34.3277
100 25.2 31 33.7301
100 25.2 31.2 33.4303
100 25.2 31.4 32.6713
100 25.2 31.6 33.2798
100 25.2 31.8 33.506
100 25.2 32 34.2912
100 25.2 32.2 33.8482
100 25.2 32.4 34.354
99 25.2 32.6 34.4288
100 25.2 32.8 34.4575
100 25.2 33 33.5221
100 25.2 33.2 35.3918
100 25.2 33.4 34.6553
100 25.2 33.6 34.9454
100 25.2 33.8 32.2175
100 25.2 34 33.7051
100 25.2 34.2 34.8144
100 25.2 34.4 33.97
100 25.2 34.6 35.0975
100 25.2 34.8 33.9791
100 25.2 35 33.961
95 25.4 20 35.3721
95 25.4 20.2 37.8876
97 25.4 20.4 36.4744
99 25.4 20.6 38.062
95 25.4 20.8 37.4447
99 25.4 21 36.4287
99 25.4 21.2 35.1281
92 25.4 21.4 35.0559
99 25.4 21.6 33.731
97 25.4 21.8 36.7185
95 25.4 22 35.9214
97 25.4 22.2 35.9971
96 25.4 22.4 37.4667
99 25.4 22.6 35.665
97 25.4 22.8 36.2199
97 25.4 23 37.3506
97 25.4 23.2 35.6648
96 25.4 23.4 36.5158
99 25.4 23.6 36.5539
97 25.4 23.8 35.614
97 25.4 24 36.4498
100 25.4 24.2 35.8035
97 25.4 24.4 37.2306
95 25.4 24.6 36.226
98 25.4 24.8 34.9009
97 25.4 25 34.1049
95 25.4 25.2 38.5487
97 25.4 25.4 36.9988
100 25.4 25.6 35.3794
94 25.4 25.8 34.5645
98 25.4 26 35.8216
99 25.4 26.2 35.8208
100 25.4 26.4 32.8624
96 25.4 26.6 36.4863
99 25.4 26.8 36.4743
99 25.4 27 34.0886
100 25.4 27.2 34.405
100 25.4 27.4 34.7486
100 25.4 27.6 32.1676
99 25.4 27.8 36.6222
99 25.4 28 34.3546
99 25.4 28.2 36.165
99 25.4 28.4 35.0755
100 25.4 28.6 36.4786
98 25.4 28.8 34.9339
99 25.4 29 36.2603
100 25.4 29.2 35.2505
98 25.4 29.4 37.0763
98 25.4 29.6 35.7296
100 25.4 29.8 35.5264
100 25.4 30 34.0765
99 25.4 30.2 34.2
100 25.4 30.4 33.7009
100 25.4 30.6 35.5652
100 25.4 30.8 35.3088
98 25.4 31 34.5415
100 25.4 31.2 34.5639
99 25.4 31.4 36.275
100 25.4 31.6 33.8078
99 25.4 31.8 34.8777
100 25.4 32 35.0915
99 25.4 32.2 35.8104
99 25.4 32.4 34.5379
99 25.4 32.6 32.552
98 25.4 32.8 34.161
99 25.4 33 34.9963
100 25.4 33.2 36.0583
100 25.4 33.4 36.2307
100 25.4 33.6 36.522
100 25.4 33.8 35.4462
100 25.4 34 33.191
100 25.4 34.2 33.3926
99 25.4 34.4 33.6889
100 25.4 34.6 34.7297
99 25.4 34.8 33.9931
99 25.4 35 34.4541
91 25.6 20 36.6284
94 25.6 20.2 37.7683
97 25.6 20.4 35.426
99 25.6 20.6 37.0636
95 25.6 20.8 37.0184
93 25.6 21 34.6677
98 25.6 21.2 35.8418
98 25.6 21.4 37.5125
96 25.6 21.6 35.0718
96 25.6 21.8 35.7149
97 25.6 22 36.1173
93 25.6 22.2 35.9208
94 25.6 22.4 36.0729
97 25.6 22.6 37.0211
98 25.6 22.8 34.8975
94 25.6 23 38.4263
95 25.6 23.2 34.0571
98 25.6 23.4 38.1767
98 25.6 23.6 34.6899
97 25.6 23.8 37.3582
97 25.6 24 38.6026
97 25.6 24.2 37.5772
97 25.6 24.4 35.1199
91 25.6 24.6 37.3011
98 25.6 24.8 36.1699
92 25.6 25 34.818
99 25.6 25.2 34.6255
98 25.6 25.4 36.198
96 25.6 25.6 37.0971
98 25.6 25.8 37.2723
99 25.6 26 35.9511
96 25.6 26.2 35.5457
96 25.6 26.4 34.5254
97 25.6 26.6 35.9558
98 25.6 26.8 35.825
96 25.6 27 34.2642
98 25.6 27.2 37.1353
98 25.6 27.4 35.4511
93 25.6 27.6 35.5957
95 25.6 27.8 34.7038
95 25.6 28 34.9534
97 25.6 28.2 33.1021
100 25.6 28.4 35.3786
94 25.6 28.6 36.2975
98 25.6 28.8 33.6311
99 25.6 29 35.6586
96 25.6 29.2 36.0283
98 25.6 29.4 35.0649
97 25.6 29.6 35.1241
97 25.6 29.8 35.3696
100 25.6 30 35.4767
96 25.6 30.2 35.8456
99 25.6 30.4 36.5114
97 25.6 30.6 34.9666
97 25.6 30.8 33.7459
98 25.6 31 33.9438
97 25.6 31.2 34.6037
98 25.6 31.4 36.0551
98 25.6 31.6 34.1393
99 25.6 31.8 34.5287
100 25.6 32 35.4716
100 25.6 32.2 35.9991
98 25.6 32.4 32.8017
96 25.6 32.6 32.5509
99 25.6 32.8 36.9181
99 25.6 33 33.777
98 25.6 33.2 35.2301
100 25.6 33.4 34.025
98 25.6 33.6 33.5851
98 25.6 33.8 35.9111
99 25.6 34 33.6746
97 25.6 34.2 34.2324
98 25.6 34.4 36.2994
98 25.6 34.6 35.4156
99 25.6 34.8 33.8946
99 25.6 35 36.4399
90 25.8 20 37.7982
91 25.8 20.2 37.0962
94 25.8 20.4 35.9991
95 25.8 20.6 37.1214
90 25.8 20.8 38.2647
95 25.8 21 36.3962
95 25.8 21.2 37.4862
93 25.8 21.4 36.3424
91 25.8 21.6 38.3012
92 25.8 21.8 37.1897
93 25.8 22 35.0519
94 25.8 22.2 38.2855
94 25.8 22.4 36.0915
92 25.8 22.6 36.4063
93 25.8 22.8 37.6005
96 25.8 23 36.0056
96 25.8 23.2 36.3775
93 25.8 23.4 38.4919
97 25.8 23.6 37.5135
91 25.8 23.8 35.0889
94 25.8 24 39.1536
94 25.8 24.2 37.0163
98 25.8 24.4 36.7213
94 25.8 24.6 38.4715
97 25.8 24.8 38.2887
90 25.8 25 36.4938
96 25.8 25.2 35.0275
88 25.8 25.4 34.189
94 25.8 25.6 36.0227
97 25.8 25.8 35.8269
95 25.8 26 39.3762
95 25.8 26.2 35.1613
92 25.8 26.4 37.6271
100 25.8 26.6 37.7204
92 25.8 26.8 38.8144
97 25.8 27 36.196
96 25.8 27.2 35.2788
96 25.8 27.4 35.1253
97 25.8 27.6 35.7643
97 25.8 27.8 37.0741
95 25.8 28 34.7417
95 25.8 28.2 37.563
97 25.8 28.4 36.9601
96 25.8 28.6 37.7968
95 25.8 28.8 34.152
98 25.8 29 36.115
95 25.8 29.2 35.279
98 25.8 29.4 34.839
98 25.8 29.6 36.1783
97 25.8 29.8 36.0992
98 25.8 30 35.5657
98 25.8 30.2 37.5813
100 25.8 30.4 34.8954
98 25.8 30.6 33.8228
98 25.8 30.8 35.7545
96 25.8 31 37.5177
97 25.8 31.2 36.7417
93 25.8 31.4 35.6614
98 25.8 31.6 36.4166
97 25.8 31.8 37.4575
96 25.8 32 35.6373
95 25.8 32.2 36.2204
99 25.8 32.4 35.4591
98 25.8 32.6 34.0804
97 25.8 32.8 35.8356
99 25.8 33 35.6169
99 25.8 33.2 34.4778
97 25.8 33.4 36.1458
97 25.8 33.6 34.6584
95 25.8 33.8 38.6579
96 25.8 34 36.3513
96 25.8 34.2 32.8617
97 25.8 34.4 34.6533
98 25.8 34.6 38.3377
98 25.8 34.8 38.0868
100 25.8 35 35.6141
91 26 20 39.2566
95 26 20.2 38.6647
89 26 20.4 37.7986
94 26 20.6 36.4934
89 26 20.8 36.8733
89 26 21 36.4688
93 26 21.2 36.0525
90 26 21.4 37.2824
93 26 21.6 37.7464
89 26 21.8 36.1742
92 26 22 37.484
94 26 22.2 38.1112
95 26 22.4 37.2814
88 26 22.6 36.6967
95 26 22.8 36.1807
94 26 23 36.3391
93 26 23.2 35.2729
91 26 23.4 36.2679
93 26 23.6 34.5331
96 26 23.8 39.0435
96 26 24 34.8574
91 26 24.2 38.2812
92 26 24.4 37.0869
96 26 24.6 37.0314
88 26 24.8 37.2429
96 26 25 39.9373
94 26 25.2 34.8229
92 26 25.4 37.6175
92 26 25.6 37.8314
93 26 25.8 36.1702
97 26 26 37.9918
92 26 26.2 37.8382
96 26 26.4 36.2143
92 26 26.6 37.339
92 26 26.8 36.12
97 26 27 36.9999
95 26 27.2 33.6861
96 26 27.4 38.2193
94 26 27.6 38.3742
96 26 27.8 36.7223
92 26 28 36.0268
96 26 28.2 36.0416
92 26 28.4 36.8006
94 26 28.6 35.6838
92 26 28.8 35.4447
94 26 29 34.2947
96 26 29.2 35.1568
95 26 29.4 36.2562
91 26 29.6 34.4445
93 26 29.8 36.6185
97 26 30 36.3759
98 26 30.2 37.411
94 26 30.4 36.9651
96 26 30.6 36.8643
97 26 30.8 35.5629
95 26 31 37.4475
98 26 31.2 37.6699
95 26 31.4 35.9273
96 26 31.6 36.1165
98 26 31.8 37.0765
94 26 32 37.5012
96 26 32.2 37.8198
94 26 32.4 38.6669
97 26 32.6 37.6463
95 26 32.8 35.3493
98 26 33 36.5901
97 26 33.2 36.6203
98 26 33.4 36.1669
95 26 33.6 37.0519
94 26 33.8 38.5772
96 26 34 37.0135
97 26 34.2 35.0732
96 26 34.4 34.5066
98 26 34.6 35.4066
98 26 34.8 35.5142
96 26 35 36.2161
94 26.2 20 38.5548
89 26.2 20.2 39.7643
88 26.2 20.4 39.1802
88 26.2 20.6 38.1297
89 26.2 20.8 37.0968
95 26.2 21 39.3303
89 26.2 21.2 37.2544
92 26.2 21.4 37.9568
84 26.2 21.6 38.1416
90 26.2 21.8 38.3702
91 26.2 22 38.3757
88 26.2 22.2 40.4906
91 26.2 22.4 36.3252
89 26.2 22.6 38.7522
92 26.2 22.8 36.7121
92 26.2 23 38.9115
98 26.2 23.2 38.5901
90 26.2 23.4 37.5917
89 26.2 23.6 35.3812
89 26.2 23.8 37.0175
89 26.2 24 36.5965
84 26.2 24.2 38.9576
93 26.2 24.4 37.2079
94 26.2 24.6 37.4061
93 26.2 24.8 37.2749
93 26.2 25 38.7173
93 26.2 25.2 36.9351
92 26.2 25.4 37.9397
92 26.2 25.6 37.7906
94 26.2 25.8 36.7436
90 26.2 26 37.4623
92 26.2 26.2 37.9161
97 26.2 26.4 36.6434
95 26.2 26.6 38.4267
92 26.2 26.8 38.0314
94 26.2 27 39.1942
93 26.2 27.2 37.45
89 26.2 27.4 36.1009
97 26.2 27.6 37.9526
93 26.2 27.8 35.9063
91 26.2 28 37.6913
95 26.2 28.2 37.2351
93 26.2 28.4 34.9059
94 26.2 28.6 38.7632
94 26.2 28.8 36.3205
91 26.2 29 38.7831
92 26.2 29.2 37.7469
96 26.2 29.4 36.0746
90 26.2 29.6 37.2126
94 26.2 29.8 36.6742
95 26.2 30 35.5561
95 26.2 30.2 37.7472
91 26.2 30.4 37.8261
92 26.2 30.6 36.6797
97 26.2 30.8 36.1499
91 26.2 31 37.4483
96 26.2 31.2 36.4978
92 26.2 31.4 37.6188
92 26.2 31.6 36.2467
94 26.2 31.8 36.8449
96 26.2 32 36.2878
93 26.2 32.2 36.4758
96 26.2 32.4 35.9843
93 26.2 32.6 35.3307
96 26.2 32.8 36.6686
93 26.2 33 37.8221
95 26.2 33.2 37.0506
96 26.2 33.4 37.2113
94 26.2 33.6 34.9676
92 26.2 33.8 36.1633
95 26.2 34 37.7443
95 26.2 34.2 38.0967
97 26.2 34.4 35.5896
96 26.2 34.6 36.3457
99 26.2 34.8 36.1938
95 26.2 35 36.1227
78 26.4 20 40.0649
89 26.4 20.2 39.2147
88 26.4 20.4 38.8152
87 26.4 20.6 39.0326
85 26.4 20.8 38.1132
92 26.4 21 38.6949
90 26.4 21.2 37.4269
89 26.4 21.4 39.6118
84 26.4 21.6 38.9397
90 26.4 21.8 39.1495
88 26.4 22 39.9273
93 26.4 22.2 37.3957
88 26.4 22.4 38.4622
88 26.4 22.6 37.8055
92 26.4 22.8 39.6644
85 26.4 23 38.0675
92 26.4 23.2 38.7712
90 26.4 23.4 42.3119
94 26.4 23.6 37.0411
88 26.4 23.8 37.4009
92 26.4 24 37.6842
83 26.4 24.2 38.1007
84 26.4 24.4 39.1473
90 26.4 24.6 38.4644
90 26.4 24.8 35.3699
84 26.4 25 37.4282
87 26.4 25.2 36.0464
87 26.4 25.4 38.7043
86 26.4 25.6 37.4562
86 26.4 25.8 38.284
92 26.4 26 37.8238
91 26.4 26.2 34.9677
89 26.4 26.4 37.8048
92 26.4 26.6 38.1866
92 26.4 26.8 36.9627
89 26.4 27 38.9538
91 26.4 27.2 37.3109
92 26.4 27.4 39.35
91 26.4 27.6 37.8114
96 26.4 27.8 39.4818
83 26.4 28 38.2598
89 26.4 28.2 36.2626
90 26.4 28.4 38.557
93 26.4 28.6 38.3223
84 26.4 28.8 36.4316
83 26.4 29 39.4854
90 26.4 29.2 38.2406
94 26.4 29.4 35.3907
89 26.4 29.6 38.8406
96 26.4 29.8 37.5611
95 26.4 30 37.8878
94 26.4 30.2 38.8024
93 26.4 30.4 39.8932
92 26.4 30.6 38.5871
88 26.4 30.8 36.4637
96 26.4 31 38.3635
91 26.4 31.2 36.5104
94 26.4 31.4 38.6419
96 26.4 31.6 36.4795
89 26.4 31.8 37.0139
98 26.4 32 37.6435
95 26.4 32.2 37.7063
98 26.4 32.4 39.2561
90 26.4 32.6 38.2115
93 26.4 32.8 39.0091
92 26.4 33 36.2268
91 26.4 33.2 37.9875
92 26.4 33.4 37.9179
95 26.4 33.6 37.3979
93 26.4 33.8 37.8868
95 26.4 34 37.3721
92 26.4 34.2 37.0826
92 26.4 34.4 35.8413
94 26.4 34.6 35.551
95 26.4 34.8 35.8915
89 26.4 35 37.5187
82 26.6 20 39.5688
82 26.6 20.2 39.8596
86 26.6 20.4 38.4976
85 26.6 20.6 40.3038
81 26.6 20.8 39.2561
85 26.6 21 41.0515
81 26.6 21.2 39.7325
86 26.6 21.4 39.671
88 26.6 21.6 39.5136
81 26.6 21.8 38.7502
92 26.6 22 40.327
91 26.6 22.2 36.8538
84 26.6 22.4 37.3872
86 26.6 22.6 40.6004
88 26.6 22.8 40.2795
90 26.6 23 39.2389
85 26.6 23.2 40.1576
92 26.6 23.4 39.139
89 26.6 23.6 38.5318
83 26.6 23.8 38.4672
90 26.6 24 41.396
85 26.6 24.2 39.076
86 26.6 24.4 37.9383
82 26.6 24.6 38.8911
86 26.6 24.8 40.5899
93 26.6 25 38.4986
91 26.6 25.2 37.5597
86 26.6 25.4 37.528
86 26.6 25.6 36.3123
84 26.6 25.8 39.4586
90 26.6 26 38.4017
88 26.6 26.2 36.4968
90 26.6 26.4 36.8539
88 26.6 26.6 37.7504
92 26.6 26.8 39.8713
91 26.6 27 38.851
88 26.6 27.2 39.5173
85 26.6 27.4 38.2337
88 26.6 27.6 40.3138
88 26.6 27.8 39.2997
90 26.6 28 36.4845
84 26.6 28.2 37.8749
92 26.6 28.4 38.2603
93 26.6 28.6 36.3696
93 26.6 28.8 40.1294
90 26.6 29 39.1498
90 26.6 29.2 38.2599
92 26.6 29.4 38.0151
91 26.6 29.6 38.2179
87 26.6 29.8 37.2356
91 26.6 30 39.4028
89 26.6 30.2 37.6573
89 26.6 30.4 37.667
90 26.6 30.6 38.0785
96 26.6 30.8 39.8267
89 26.6 31 38.1108
91 26.6 31.2 37.6658
95 26.6 31.4 39.6307
93 26.6 31.6 40.8067
95 26.6 31.8 37.138
92 26.6 32 39.4179
93 26.6 32.2 38.4894
95 26.6 32.4 37.8644
91 26.6 32.6 37.8505
89 26.6 32.8 36.743
89 26.6 33 36.4534
91 26.6 33.2 37.9365
92 26.6 33.4 38.9922
88 26.6 33.6 38.6778
93 26.6 33.8 36.0791
93 26.6 34 37.1132
93 26.6 34.2 38.2835
88 26.6 34.4 38.0353
94 26.6 34.6 39.5612
91 26.6 34.8 37.5781
97 26.6 35 37.9319
77 26.8 20 40.4157
85 26.8 20.2 39.3341
82 26.8 20.4 39.7455
88 26.8 20.6 40.7884
85 26.8 20.8 39.1651
84 26.8 21 39.9273
86 26.8 21.2 36.4666
77 26.8 21.4 38.3619
85 26.8 21.6 39.5395
88 26.8 21.8 40.2201
84 26.8 22 38.6825
87 26.8 22.2 39.1234
81 26.8 22.4 40.9641
87 26.8 22.6 40.1019
86 26.8 22.8 38.2169
92 26.8 23 40.6456
81 26.8 23.2 39.4389
89 26.8 23.4 37.9505
84 26.8 23.6 38.8667
82 26.8 23.8 40.1032
84 26.8 24 37.2862
79 26.8 24.2 38.8727
90 26.8 24.4 39.3595
84 26.8 24.6 37.9059
87 26.8 24.8 37.6338
84 26.8 25 38.5823
87 26.8 25.2 36.1236
85 26.8 25.4 37.6828
85 26.8 25.6 41.3929
79 26.8 25.8 39.3706
91 26.8 26 39.8536
85 26.8 26.2 37.3228
82 26.8 26.4 38.6913
88 26.8 26.6 37.7265
88 26.8 26.8 38.1778
84 26.8 27 37.9069
89 26.8 27.2 36.0028
84 26.8 27.4 36.581
90 26.8 27.6 36.1376
85 26.8 27.8 37.4769
91 26.8 28 38.626
81 26.8 28.2 37.8417
85 26.8 28.4 38.3776
90 26.8 28.6 39.9191
87 26.8 28.8 39.6236
89 26.8 29 36.4947
92 26.8 29.2 39.7745
90 26.8 29.4 38.0775
87 26.8 29.6 38.1623
84 26.8 29.8 39.1301
86 26.8 30 38.2839
88 26.8 30.2 39.9383
97 26.8 30.4 36.1818
90 26.8 30.6 41.0942
90 26.8 30.8 39.9272
92 26.8 31 38.3948
95 26.8 31.2 35.7944
89 26.8 31.4 38.6531
91 26.8 31.6 40.2315
94 26.8 31.8 38.7848
93 26.8 32 38.3252
86 26.8 32.2 37.3547
91 26.8 32.4 37.4109
89 26.8 32.6 37.3606
86 26.8 32.8 41.4608
90 26.8 33 39.5013
84 26.8 33.2 39.178
95 26.8 33.4 38.9043
93 26.8 33.6 38.2351
95 26.8 33.8 37.8432
92 26.8 34 39.8393
91 26.8 34.2 39.2606
91 26.8 34.4 37.8758
88 26.8 34.6 39.2132
95 26.8 34.8 39.1966
93 26.8 35 39.2508
76 27 20 39.505
73 27 20.2 43.2109
77 27 20.4 38.8056
76 27 20.6 37.3494
79 27 20.8 39.432
87 27 21 40.3139
76 27 21.2 42.1243
83 27 21.4 40.1004
80 27 21.6 40.7805
83 27 21.8 39.1943
85 27 22 38.7139
86 27 22.2 39.4639
76 27 22.4 39.5925
77 27 22.6 41.3545
82 27 22.8 42.6286
81 27 23 39.5576
75 27 23.2 38.9894
87 27 23.4 39.7684
77 27 23.6 38.818
83 27 23.8 42.4353
84 27 24 40.0145
83 27 24.2 37.6411
85 27 24.4 40.5689
81 27 24.6 41.1271
85 27 24.8 39.2373
87 27 25 39.7385
85 27 25.2 38.2979
81 27 25.4 38.3911
78 27 25.6 40.2432
83 27 25.8 40.8586
89 27 26 39.4211
88 27 26.2 37.872
88 27 26.4 39.4581
85 27 26.6 41.0035
85 27 26.8 40.4861
77 27 27 38.8107
87 27 27.2 39.1585
83 27 27.4 41.4411
87 27 27.6 41.2397
85 27 27.8 39.657
88 27 28 37.5665
86 27 28.2 36.064
75 27 28.4 39.008
91 27 28.6 40.2382
91 27 28.8 38.0718
87 27 29 36.8333
89 27 29.2 39.0834
80 27 29.4 41.4283
88 27 29.6 41.4602
84 27 29.8 39.9851
92 27 30 38.5911
85 27 30.2 39.9286
88 27 30.4 39.4654
89 27 30.6 38.7749
86 27 30.8 39.5143
88 27 31 37.8133
86 27 31.2 39.9723
82 27 31.4 40.0401
89 27 31.6 38.5103
91 27 31.8 39.924
83 27 32 39.4737
89 27 32.2 38.2966
80 27 32.4 36.5531
84 27 32.6 40.8016
90 27 32.8 38.4396
87 27 33 38.0866
84 27 33.2 38.6427
88 27 33.4 37.919
88 27 33.6 39.7735
83 27 33.8 38.1512
90 27 34 39.4856
85 27 34.2 40.9651
83 27 34.4 41.5493
91 27 34.6 39.1084
90 27 34.8 35.2633
85 27 35 39.7366
74 27.2 20 42.5091
82 27.2 20.2 39.9242
82 27.2 20.4 38.2372
76 27.2 20.6 37.83
86 27.2 20.8 41.0555
79 27.2 21 39.8613
81 27.2 21.2 40.5188
81 27.2 21.4 43.0973
83 27.2 21.6 39.2178
83 27.2 21.8 41.8216
76 27.2 22 39.663
81 27.2 22.2 39.0491
83 27.2 22.4 39.8004
72 27.2 22.6 38.0489
81 27.2 22.8 40.5667
74 27.2 23 43.1287
73 27.2 23.2 39.1745
81 27.2 23.4 39.2604
81 27.2 23.6 42.8248
82 27.2 23.8 42.8444
71 27.2 24 36.5004
76 27.2 24.2 40.49
74 27.2 24.4 40.8906
83 27.2 24.6 38.6643
86 27.2 24.8 37.1895
82 27.2 25 40.0703
87 27.2 25.2 36.0444
81 27.2 25.4 40.1875
84 27.2 25.6 39.3582
86 27.2 25.8 39.4156
84 27.2 26 41.8638
86 27.2 26.2 39.3326
84 27.2 26.4 38.2079
82 27.2 26.6 37.3497
86 27.2 26.8 38.1306
85 27.2 27 39.3802
85 27.2 27.2 39.97
91 27.2 27.4 39.3829
80 27.2 27.6 42.6217
87 27.2 27.8 40.6109
82 27.2 28 40.5454
86 27.2 28.2 37.5933
86 27.2 28.4 40.9493
85 27.2 28.6 38.8968
81 27.2 28.8 40.8072
85 27.2 29 39.1302
86 27.2 29.2 38.7822
84 27.2 29.4 41.5301
89 27.2 29.6 37.8953
83 27.2 29.8 38.2371
93 27.2 30 39.6499
84 27.2 30.2 38.4292
90 27.2 30.4 38.0961
90 27.2 30.6 40.6906
84 27.2 30.8 40.0797
85 27.2 31 38.842
77 27.2 31.2 40.6844
83 27.2 31.4 37.9526
84 27.2 31.6 41.0755
85 27.2 31.8 39.4308
89 27.2 32 38.901
83 27.2 32.2 40.5197
86 27.2 32.4 40.4141
88 27.2 32.6 37.9751
87 27.2 32.8 40.1133
81 27.2 33 39.5794
83 27.2 33.2 39.5768
88 27.2 33.4 38.2506
88 27.2 33.6 40.2638
84 27.2 33.8 39.9367
85 27.2 34 42.8961
78 27.2 34.2 39.4576
83 27.2 34.4 41.1556
80 27.2 34.6 40.716
86 27.2 34.8 39.72
80 27.2 35 38.0078
74 27.4 20 41.32
79 27.4 20.2 40.4406
79 27.4 20.4 40.3077
74 27.4 20.6 39.4435
81 27.4 20.8 39.9387
77 27.4 21 39.4037
76 27.4 21.2 37.9205
75 27.4 21.4 38.7615
77 27.4 21.6 43.4277
74 27.4 21.8 39.4129
79 27.4 22 42.3414
76 27.4 22.2 39.4812
75 27.4 22.4 41.7763
78 27.4 22.6 40.8291
68 27.4 22.8 42.0684
81 27.4 23 40.1739
73 27.4 23.2 37.0982
78 27.4 23.4 40.531
78 27.4 23.6 41.2746
83 27.4 23.8 42.1485
73 27.4 24 42.9556
76 27.4 24.2 42.3581
82 27.4 24.4 39.8804
79 27.4 24.6 40.111
76 27.4 24.8 40.7687
73 27.4 25 39.8619
82 27.4 25.2 40.6829
79 27.4 25.4 39.7097
75 27.4 25.6 39.3713
83 27.4 25.8 41.0707
86 27.4 26 40.2733
77 27.4 26.2 42.0221
83 27.4 26.4 40.2098
78 27.4 26.6 42.2046
81 27.4 26.8 38.4583
83 27.4 27 40.7597
76 27.4 27.2 38.856
82 27.4 27.4 39.7601
85 27.4 27.6 40.7728
79 27.4 27.8 41.5573
78 27.4 28 39.5194
80 27.4 28.2 38.8107
82 27.4 28.4 39.559
81 27.4 28.6 38.8987
83 27.4 28.8 40.5799
81 27.4 29 40.7341
79 27.4 29.2 39.4994
84 27.4 29.4 42.8132
82 27.4 29.6 41.0149
84 27.4 29.8 42.1855
87 27.4 30 39.5745
84 27.4 30.2 38.7094
81 27.4 30.4 41.5863
82 27.4 30.6 43.3811
84 27.4 30.8 40.5854
87 27.4 31 38.8885
82 27.4 31.2 38.4849
75 27.4 31.4 38.7695
84 27.4 31.6 39.4549
82 27.4 31.8 39.2437
76 27.4 32 41.3661
82 27.4 32.2 40.8285
86 27.4 32.4 42.9996
81 27.4 32.6 39.1261
86 27.4 32.8 39.8744
89 27.4 33 39.1726
82 27.4 33.2 40.4082
87 27.4 33.4 36.5416
81 27.4 33.6 38.8429
78 27.4 33.8 41.2457
88 27.4 34 40.0566
85 27.4 34.2 39.9875
85 27.4 34.4 37.7031
84 27.4 34.6 41.3276
78 27.4 34.8 40.3665
85 27.4 35 42.6677
79 27.6 20 43.0769
69 27.6 20.2 42.1599
71 27.6 20.4 41.6723
76 27.6 20.6 40.174
76 27.6 20.8 39.7499
80 27.6 21 41.1558
80 27.6 21.2 38.9137
66 27.6 21.4 40.8832
76 27.6 21.6 43.341
74 27.6 21.8 43.8184
81 27.6 22 40.966
84 27.6 22.2 40.1865
79 27.6 22.4 41.818
82 27.6 22.6 41.9222
67 27.6 22.8 41.1812
72 27.6 23 39.1037
71 27.6 23.2 38.5731
72 27.6 23.4 40.5639
70 27.6 23.6 42.4804
77 27.6 23.8 41.7079
83 27.6 24 41.3388
83 27.6 24.2 39.048
71 27.6 24.4 40.2067
79 27.6 24.6 41.9849
83 27.6 24.8 41.0562
73 27.6 25 40.972
84 27.6 25.2 39.6305
84 27.6 25.4 41.2369
74 27.6 25.6 40.9057
79 27.6 25.8 42.286
83 27.6 26 39.4877
73 27.6 26.2 39.9798
78 27.6 26.4 42.0746
76 27.6 26.6 39.5646
88 27.6 26.8 39.4083
77 27.6 27 41.405
75 27.6 27.2 39.7839
85 27.6 27.4 41.7639
81 27.6 27.6 41.4819
75 27.6 27.8 40.1789
76 27.6 28 41.4671
75 27.6 28.2 39.7788
85 27.6 28.4 41.7492
68 27.6 28.6 40.5308
77 27.6 28.8 39.9325
84 27.6 29 40.7584
83 27.6 29.2 41.6547
82 27.6 29.4 41.7415
83 27.6 29.6 38.6509
84 27.6 29.8 42.5334
79 27.6 30 43.6696
86 27.6 30.2 39.9091
75 27.6 30.4 42.961
85 27.6 30.6 40.2573
72 27.6 30.8 41.4971
90 27.6 31 41.5244
79 27.6 31.2 39.8794
79 27.6 31.4 41.0789
85 27.6 31.6 40.8454
87 27.6 31.8 39.9061
80 27.6 32 42.9112
84 27.6 32.2 41.0079
79 27.6 32.4 41.0072
76 27.6 32.6 40.805
82 27.6 32.8 40.5281
86 27.6 33 40.5524
82 27.6 33.2 42.3526
86 27.6 33.4 40.7492
87 27.6 33.6 39.2138
84 27.6 33.8 43.6246
75 27.6 34 42.0916
79 27.6 34.2 41.0952
86 27.6 34.4 38.5324
76 27.6 34.6 37.2422
80 27.6 34.8 39.6614
79 27.6 35 39.9923
68 27.8 20 41.0605
68 27.8 20.2 41.6272
79 27.8 20.4 41.0717
70 27.8 20.6 43.5923
72 27.8 20.8 39.5511
78 27.8 21 43.782
79 27.8 21.2 39.7226
72 27.8 21.4 40.2165
74 27.8 21.6 40.8229
75 27.8 21.8 42.8385
74 27.8 22 40.969
83 27.8 22.2 40.7378
75 27.8 22.4 41.2192
76 27.8 22.6 42.1327
78 27.8 22.8 40.5337
72 27.8 23 39.5974
73 27.8 23.2 41.7851
74 27.8 23.4 41.9254
76 27.8 23.6 41.0123
74 27.8 23.8 45.1984
71 27.8 24 41.526
77 27.8 24.2 42.2617
78 27.8 24.4 41.2488
77 27.8 24.6 40.9931
73 27.8 24.8 39.3767
68 27.8 25 40.1807
79 27.8 25.2 41.0502
76 27.8 25.4 41.062
78 27.8 25.6 41.2491
77 27.8 25.8 39.7615
82 27.8 26 41.4644
76 27.8 26.2 41.4814
77 27.8 26.4 39.4367
76 27.8 26.6 43.6937
82 27.8 26.8 39.6268
86 27.8 27 40.2463
84 27.8 27.2 39.5015
80 27.8 27.4 39.2944
82 27.8 27.6 42.5047
78 27.8 27.8 41.124
73 27.8 28 39.5686
79 27.8 28.2 41.9498
69 27.8 28.4 41.1303
75 27.8 28.6 39.5611
74 27.8 28.8 41.742
79 27.8 29 41.0326
74 27.8 29.2 41.7238
80 27.8 29.4 40.4073
80 27.8 29.6 40.3895
80 27.8 29.8 43.1579
80 27.8 30 40.7258
72 27.8 30.2 39.5204
76 27.8 30.4 40.4199
76 27.8 30.6 39.4318
75 27.8 30.8 38.3144
81 27.8 31 40.6182
75 27.8 31.2 40.8052
70 27.8 31.4 38.962
78 27.8 31.6 44.3263
83 27.8 31.8 42.3124
76 27.8 32 44.2881
74 27.8 32.2 40.9064
80 27.8 32.4 39.2755
73 27.8 32.6 40.2685
79 27.8 32.8 39.6311
77 27.8 33 39.197
81 27.8 33.2 42.4731
78 27.8 33.4 42.8491
84 27.8 33.6 41.1908
81 27.8 33.8 43.4207
86 27.8 34 43.5451
85 27.8 34.2 41.7353
76 27.8 34.4 41.1669
77 27.8 34.6 41.7123
78 27.8 34.8 41.0643
78 27.8 35 40.7221
69 28 20 39.9951
73 28 20.2 41.3708
75 28 20.4 42.6395
74 28 20.6 40.8055
71 28 20.8 40.5863
74 28 21 43.1772
76 28 21.2 40.8411
72 28 21.4 43.6729
72 28 21.6 40.9062
64 28 21.8 39.1728
76 28 22 42.5753
74 28 22.2 41.7013
69 28 22.4 43.2524
74 28 22.6 41.0757
74 28 22.8 41.0066
75 28 23 42.2194
67 28 23.2 43.6822
62 28 23.4 43.2846
76 28 23.6 42.4307
78 28 23.8 41.8127
74 28 24 42.7947
82 28 24.2 43.5008
78 28 24.4 42.8485
69 28 24.6 42.4189
76 28 24.8 39.8851
80 28 25 42.9701
74 28 25.2 40.8274
69 28 25.4 42.2434
69 28 25.6 41.7839
78 28 25.8 41.8783
75 28 26 43.4784
72 28 26.2 40.5142
79 28 26.4 40.7946
75 28 26.6 42.6002
70 28 26.8 43.6151
80 28 27 42.3095
73 28 27.2 41.2377
70 28 27.4 39.2539
77 28 27.6 42.1624
80 28 27.8 43.4738
76 28 28 39.8451
73 28 28.2 41.2577
77 28 28.4 43.4675
78 28 28.6 42.9912
74 28 28.8 41.9921
76 28 29 39.4706
80 28 29.2 41.7479
66 28 29.4 42.2483
73 28 29.6 42.3039
75 28 29.8 41.9526
81 28 30 41.062
76 28 30.2 38.9517
79 28 30.4 39.8549
79 28 30.6 43.433
85 28 30.8 43.4315
71 28 31 43.7723
74 28 31.2 41.5345
75 28 31.4 42.6319
82 28 31.6 40.902
87 28 31.8 39.8816
77 28 32 41.885
73 28 32.2 40.0408
78 28 32.4 45.836
74 28 32.6 39.3157
76 28 32.8 41.1965
72 28 33 42.3238
78 28 33.2 41.8248
71 28 33.4 41.21
82 28 33.6 39.9902
69 28 33.8 40.6867
79 28 34 40.4287
74 28 34.2 42.7863
70 28 34.4 42.2796
74 28 34.6 41.9668
83 28 34.8 41.8627
81 28 35 42.2913
